0.955561 0.986894 0.937237 0.873721 0.468762 0.706699 0.207194 0.529272 0.509895 0.554823
0.564407 0.233225 0.218442 0.675525 0.496929 0.269135 0.770925 0.434427 0.330683 0.384511
0.556497 0.245008 0.252011 0.924939 0.606806 0.564627 0.647578 0.043574 0.087231 0.160494
0.768861 0.332996 0.822689 0.954653 0.287813 0.742399 0.555421 0.373527 0.738133 0.508758
0.532395 0.813005 0.913045 0.913563 0.703309 0.299125 0.412407 0.460625 0.754593 0.857406
0.875848 0.009603 0.793879 0.846924 0.229817 0.654201 0.324656 0.410507 0.552646 0.038598
0.204803 0.955115 0.875756 0.302073 0.576675 0.613309 0.950963 0.486296 0.140130 0.549407
0.281727 0.535357 0.729843 0.973024 0.791924 0.634236 0.945041 0.600758 0.127929 0.283012
0.698729 0.883862 0.020237 0.009583 0.093679 0.817714 0.289541 0.560335 0.943223 0.500657
0.553752 0.362527 0.019711 0.921913 0.528430 0.745616 0.476410 0.397568 0.351810 0.587524

0.660045 0.910455 0.869988 0.763785 0.218322 0.945613 0.653857 0.335330 0.259202 0.211635
0.739079 0.527231 0.822014 0.168073 0.169219 0.043745 0.584145 0.464391 0.387156 0.852381
0.578839 0.308144 0.438800 0.958373 0.921384 0.834385 0.104379 0.258697 0.069641 0.313963
0.746663 0.347288 0.526961 0.147143 0.013055 0.517908 0.051381 0.159157 0.269669 0.409055
0.343438 0.358185 0.335114 0.076382 0.388188 0.158676 0.524669 0.087850 0.203648 0.007785
0.079922 0.633318 0.420247 0.092429 0.040325 0.250106 0.978868 0.959057 0.323594 0.324485
0.753573 0.110149 0.185101 0.021430 0.142446 0.727788 0.962097 0.307111 0.182847 0.567288
0.796564 0.645631 0.271109 0.310794 0.417465 0.561265 0.264456 0.666867 0.577958 0.496223
0.124661 0.024280 0.672445 0.842637 0.029417 0.309929 0.254638 0.979154 0.821233 0.328879
0.215241 0.256146 0.641085 0.755610 0.776882 0.474732 0.879716 0.280893 0.475100 0.199354
