0.045921 0.967670 0.181977 0.046349 0.893255 0.279826 0.763921 0.560011 0.654315 0.453006
0.339395 0.640970 0.121626 0.319165 0.797073 0.723326 0.440280 0.537055 0.034429 0.745949
0.832496 0.409499 0.346127 0.307204 0.756709 0.146537 0.681483 0.050344 0.748833 0.597365
0.844871 0.054298 0.747455 0.047766 0.815203 0.059169 0.270923 0.930687 0.456383 0.315393
0.943885 0.669109 0.749847 0.385236 0.400691 0.184136 0.366131 0.569419 0.615131 0.082713
0.108301 0.071841 0.309438 0.528423 0.839133 0.578786 0.629945 0.335081 0.541394 0.894573
0.504251 0.263704 0.448463 0.869403 0.290933 0.574917 0.363537 0.505401 0.742053 0.070677
0.194741 0.932161 0.777978 0.766850 0.620965 0.210280 0.056234 0.208924 0.891096 0.449628
0.840479 0.534900 0.341625 0.462721 0.679998 0.333813 0.333151 0.214268 0.005878 0.431344
0.457663 0.866303 0.805005 0.139033 0.330164 0.855306 0.617296 0.323363 0.968238 0.299098

0.661400 0.885484 0.207151 0.647473 0.579484 0.724582 0.607341 0.969078 0.804530 0.163649
0.356715 0.854867 0.021960 0.355009 0.977026 0.687924 0.740113 0.516129 0.577376 0.883790
0.620100 0.201885 0.693814 0.147185 0.673498 0.968365 0.759701 0.461130 0.623469 0.612533
0.819651 0.954469 0.750454 0.725847 0.137448 0.252433 0.444255 0.276385 0.542066 0.788206
0.799049 0.492919 0.636162 0.762493 0.066008 0.792488 0.539888 0.309656 0.357367 0.750518
0.963050 0.031470 0.736608 0.567499 0.327804 0.115381 0.574655 0.515957 0.201154 0.779304
0.182703 0.474237 0.018166 0.121225 0.508998 0.984435 0.296970 0.135188 0.976713 0.848365
0.190659 0.428513 0.951627 0.583473 0.200388 0.473884 0.069380 0.348397 0.929339 0.086204
0.662199 0.670191 0.921577 0.085077 0.424353 0.558253 0.924688 0.928546 0.644414 0.615459
0.196826 0.241677 0.950727 0.810355 0.582977 0.439380 0.110078 0.648569 0.569090 0.228182
