0.623486 0.495746 0.985597 0.485344 0.140530 0.201499 0.322347 0.383385 0.435004 0.239531
0.516225 0.671475 0.367958 0.832696 0.074804 0.388632 0.368285 0.422057 0.765850 0.237434
0.801495 0.815686 0.544788 0.218295 0.295213 0.127777 0.757643 0.396173 0.139186 0.914364
0.000530 0.986133 0.139686 0.385269 0.519173 0.982969 0.837409 0.247636 0.224428 0.182299
0.497541 0.000520 0.091145 0.975548 0.636576 0.680895 0.980023 0.985448 0.355428 0.683896
0.117268 0.465273 0.640432 0.391751 0.203154 0.657929 0.236398 0.664734 0.476238 0.831529
0.672422 0.434065 0.993637 0.703783 0.933352 0.652619 0.428704 0.093321 0.983077 0.144526
0.313259 0.041647 0.854461 0.564508 0.375629 0.197232 0.654838 0.636469 0.052036 0.699071
0.800683 0.853886 0.250520 0.284552 0.626769 0.703643 0.270447 0.136917 0.208662 0.984261
0.091984 0.675321 0.481788 0.748367 0.665141 0.748612 0.035868 0.702471 0.349555 0.377224

0.506047 0.720120 0.585385 0.642615 0.379835 0.915747 0.879045 0.448089 0.488600 0.113993
0.358346 0.374076 0.185028 0.249000 0.818729 0.100775 0.969736 0.642681 0.483527 0.305095
0.980878 0.634177 0.552781 0.422547 0.466065 0.700739 0.154282 0.455768 0.553834 0.780901
0.205530 0.416467 0.981176 0.199116 0.800054 0.649644 0.548407 0.736396 0.323461 0.296804
0.094477 0.495696 0.772367 0.182279 0.835757 0.210506 0.138000 0.505891 0.434996 0.474299
0.832957 0.723243 0.159785 0.878875 0.909011 0.495445 0.956022 0.296105 0.446718 0.920435
0.049851 0.556967 0.561723 0.228855 0.504137 0.033117 0.453311 0.341398 0.141118 0.518168
0.105862 0.277796 0.132297 0.286717 0.130109 0.384592 0.257347 0.003256 0.977612 0.367157
0.891080 0.715417 0.841762 0.836885 0.531135 0.946574 0.897843 0.066638 0.835981 0.052197
0.470406 0.006637 0.675244 0.378325 0.759634 0.589287 0.786007 0.193331 0.098206 0.030766
