0.362736 0.696483 0.130582 0.065788 0.769523 0.425283 0.165941 0.062551 0.994257 0.689972
0.242404 0.869278 0.481785 0.851574 0.102504 0.676794 0.461716 0.618020 0.824502 0.871003
0.689683 0.765988 0.513986 0.538439 0.941660 0.179561 0.582655 0.303300 0.698096 0.738202
0.955137 0.590296 0.630040 0.995960 0.091873 0.811713 0.093626 0.624468 0.291057 0.095643
0.675260 0.821457 0.825537 0.147710 0.195162 0.701542 0.798654 0.103595 0.690822 0.528603
0.633162 0.796653 0.828496 0.419850 0.228010 0.408258 0.562045 0.643021 0.663563 0.466892
0.559967 0.445953 0.269651 0.925508 0.672751 0.238241 0.059972 0.630397 0.540808 0.589559
0.079231 0.403805 0.934580 0.099582 0.494966 0.571279 0.354283 0.521853 0.057335 0.343372
0.173485 0.165419 0.881703 0.353752 0.665471 0.995167 0.793195 0.755577 0.232609 0.770474
0.300566 0.259245 0.823354 0.405410 0.913950 0.551873 0.566512 0.672344 0.647110 0.211651

0.592079 0.544771 0.460726 0.706590 0.490759 0.943469 0.546350 0.042270 0.743354 0.658598
0.095630 0.703619 0.946120 0.192855 0.875769 0.087919 0.127728 0.746923 0.673578 0.828682
0.264500 0.161512 0.475643 0.428027 0.924658 0.875493 0.868208 0.664326 0.468015 0.265803
0.202722 0.467991 0.472077 0.706449 0.439854 0.176918 0.597873 0.963179 0.651541 0.929325
0.355896 0.345251 0.674855 0.157492 0.477663 0.726203 0.704275 0.230674 0.780536 0.245678
0.805949 0.579873 0.464263 0.633368 0.124097 0.014436 0.515218 0.424918 0.898193 0.273332
0.471091 0.367554 0.546093 0.696457 0.701658 0.372786 0.441720 0.061603 0.449445 0.587261
0.171568 0.587715 0.505314 0.869737 0.736592 0.405014 0.001660 0.562791 0.293952 0.356586
0.616414 0.701959 0.472446 0.540200 0.393586 0.893084 0.424088 0.488699 0.595462 0.092844
0.821820 0.977017 0.212217 0.194119 0.598631 0.984961 0.678246 0.372563 0.536361 0.625854
