0.140959 0.004998 0.126758 0.727962 0.528210 0.525982 0.379259 0.888211 0.395861 0.108494
0.165711 0.745719 0.312724 0.317332 0.646489 0.324208 0.970609 0.533024 0.783001 0.739028
0.590702 0.538601 0.911778 0.323850 0.741516 0.825123 0.056599 0.153330 0.648572 0.483907
0.119539 0.854001 0.800934 0.798279 0.791563 0.111037 0.175349 0.000029 0.720869 0.439722
0.440099 0.421303 0.181520 0.794671 0.895644 0.065168 0.154061 0.698024 0.666713 0.408902
0.835670 0.525913 0.388608 0.969462 0.175612 0.900337 0.713140 0.594560 0.823490 0.800437
0.623512 0.014569 0.433849 0.732816 0.482804 0.315714 0.360170 0.477900 0.489917 0.511257
0.700917 0.696948 0.872018 0.107866 0.886815 0.991330 0.503217 0.516652 0.214868 0.391607
0.673015 0.708339 0.314897 0.595700 0.392720 0.395224 0.165857 0.863707 0.847402 0.037307
0.261792 0.062918 0.343031 0.426862 0.303557 0.106587 0.838325 0.393541 0.832573 0.207735

0.979458 0.759244 0.850096 0.538892 0.484887 0.815850 0.528945 0.000308 0.848357 0.419487
0.589388 0.341028 0.091520 0.572590 0.062472 0.010531 0.642646 0.429545 0.073216 0.249228
0.735160 0.018340 0.128456 0.434432 0.486041 0.388096 0.924032 0.755153 0.631325 0.827836
0.797439 0.623066 0.894453 0.209465 0.269638 0.841693 0.122560 0.032709 0.140220 0.844055
0.113238 0.086378 0.492880 0.285906 0.597495 0.896413 0.241719 0.941698 0.510399 0.324989
0.971012 0.965551 0.358480 0.033528 0.638134 0.417684 0.700641 0.853524 0.419538 0.343370
0.118928 0.461814 0.910669 0.530851 0.066285 0.531353 0.336548 0.690201 0.084846 0.049593
0.083942 0.913430 0.981035 0.763467 0.549442 0.019109 0.625188 0.095749 0.122688 0.059881
0.801989 0.798692 0.999109 0.900092 0.015134 0.568634 0.821594 0.170643 0.804434 0.300802
0.394045 0.710127 0.506164 0.015723 0.430112 0.193845 0.581288 0.238954 0.907728 0.563920
