0.118855 0.108561 0.076799 0.189206 0.209333 0.684302 0.333026 0.003071 0.145640 0.780349
0.278829 0.497992 0.895576 0.530320 0.333436 0.513830 0.795979 0.916537 0.861910 0.421929
0.158196 0.371835 0.227763 0.268627 0.504714 0.012136 0.104862 0.514886 0.882862 0.015459
0.116928 0.815507 0.436813 0.465555 0.230933 0.454142 0.970314 0.778637 0.410412 0.436880
0.520640 0.895757 0.956426 0.095738 0.893059 0.346304 0.370937 0.696031 0.447784 0.774103
0.873883 0.816179 0.553418 0.534150 0.822830 0.428597 0.318209 0.634174 0.184890 0.928438
0.243231 0.315119 0.736414 0.902602 0.794449 0.386842 0.294504 0.972868 0.251091 0.751312
0.744456 0.640689 0.770869 0.686418 0.587854 0.443250 0.711477 0.036157 0.994263 0.491164
0.841221 0.451215 0.283257 0.178874 0.115063 0.866681 0.900588 0.175348 0.385043 0.254839
0.531580 0.785857 0.671684 0.144811 0.123357 0.358070 0.293650 0.651803 0.768649 0.196317

0.783688 0.749493 0.096005 0.527818 0.188451 0.110688 0.445687 0.761331 0.935074 0.403943
0.758669 0.115536 0.894596 0.376886 0.063188 0.708619 0.642811 0.922378 0.296713 0.245971
0.973158 0.765490 0.221455 0.055167 0.614944 0.058679 0.543929 0.584561 0.103501 0.880922
0.652764 0.603550 0.996360 0.243491 0.059124 0.523497 0.404809 0.028249 0.359800 0.482153
0.417362 0.221684 0.917230 0.920042 0.207185 0.993267 0.921433 0.600448 0.884791 0.556219
0.073836 0.677173 0.422047 0.305417 0.612476 0.370010 0.137222 0.637181 0.005367 0.124781
0.262872 0.491090 0.220253 0.250764 0.126896 0.150862 0.045871 0.656699 0.520836 0.071760
0.671170 0.585035 0.665212 0.201725 0.195848 0.983339 0.757758 0.507164 0.130208 0.381604
0.991738 0.193918 0.490358 0.610093 0.783951 0.517089 0.547905 0.922909 0.181234 0.549785
0.026420 0.807188 0.497503 0.399359 0.437251 0.094152 0.466129 0.946523 0.215364 0.915561
