0.885520 0.309185 0.153278 0.592234 0.647405 0.352743 0.721041 0.313853 0.233031 0.564689
0.891036 0.621705 0.198675 0.370698 0.056787 0.060040 0.737601 0.566269 0.085658 0.077444
0.815886 0.926646 0.536455 0.939211 0.909839 0.818503 0.681651 0.108377 0.811212 0.410461
0.378904 0.021482 0.511084 0.295460 0.118952 0.760807 0.078465 0.220521 0.534131 0.718954
0.682690 0.686027 0.360491 0.199280 0.420829 0.553317 0.355247 0.192184 0.383871 0.300205
0.299070 0.963517 0.816682 0.077809 0.565756 0.540912 0.532702 0.475255 0.088964 0.945803
0.028953 0.603676 0.986393 0.031404 0.667391 0.584481 0.135183 0.293962 0.044180 0.071455
0.499262 0.536515 0.339417 0.714696 0.697470 0.791820 0.641059 0.876322 0.164903 0.304745
0.072331 0.518489 0.698272 0.270476 0.836746 0.178275 0.889073 0.384309 0.504728 0.622356
0.203170 0.265826 0.419130 0.264316 0.980666 0.557687 0.999383 0.352622 0.186778 0.700870

0.169360 0.508073 0.933436 0.644259 0.034249 0.776068 0.424247 0.206337 0.289192 0.859293
0.388855 0.432743 0.514023 0.791147 0.769464 0.581161 0.590656 0.383087 0.962877 0.198313
0.051932 0.970009 0.129339 0.058586 0.160864 0.737623 0.960122 0.393256 0.964946 0.058312
0.750821 0.787759 0.324667 0.131305 0.442420 0.915213 0.745255 0.336435 0.325387 0.955574
0.063366 0.903021 0.802139 0.069559 0.901187 0.379639 0.694556 0.598857 0.842982 0.822030
0.165964 0.616446 0.785759 0.033296 0.250257 0.377012 0.806300 0.343244 0.210913 0.395635
0.872810 0.158509 0.342960 0.744738 0.058763 0.070210 0.521736 0.299149 0.561983 0.850301
0.686614 0.245801 0.179573 0.731508 0.698356 0.294032 0.315397 0.401354 0.001909 0.894622
0.065107 0.710264 0.743989 0.101988 0.881899 0.132156 0.231818 0.146080 0.759074 0.528740
0.153040 0.800180 0.438890 0.807368 0.747549 0.899079 0.904405 0.877360 0.517871 0.875984
