0.591201 0.370357 0.171983 0.263953 0.934319 0.688901 0.080623 0.810535 0.824198 0.223181
0.901687 0.957384 0.945365 0.214353 0.886966 0.031128 0.227130 0.256656 0.803671 0.236163
0.700443 0.896036 0.844162 0.828186 0.030474 0.337848 0.997338 0.394954 0.377833 0.885612
0.147898 0.960415 0.839619 0.208550 0.963306 0.762379 0.395632 0.292112 0.880677 0.945712
0.794181 0.185086 0.436976 0.613264 0.557094 0.395910 0.852949 0.930517 0.399060 0.299929
0.129177 0.819283 0.272761 0.506366 0.129546 0.952433 0.001732 0.529501 0.675474 0.655853
0.851851 0.956208 0.503437 0.432160 0.586508 0.788401 0.463435 0.019917 0.430877 0.063156
0.697990 0.627564 0.808813 0.401469 0.667248 0.632154 0.804463 0.492279 0.493906 0.496865
0.181224 0.797739 0.450284 0.733153 0.274682 0.161180 0.469019 0.157847 0.278656 0.773445
0.826432 0.055746 0.402308 0.023050 0.865762 0.327423 0.967086 0.904328 0.418961 0.609522

0.971356 0.457479 0.921456 0.677009 0.215960 0.634857 0.424465 0.179163 0.177285 0.616507
0.244243 0.836321 0.797628 0.604957 0.120734 0.209736 0.128798 0.349640 0.642903 0.801453
0.722945 0.686435 0.471914 0.126614 0.855233 0.553766 0.140803 0.734570 0.316493 0.248647
0.628580 0.862987 0.869768 0.569208 0.040231 0.446392 0.139662 0.218248 0.451323 0.884082
0.164436 0.375227 0.493563 0.214045 0.448619 0.581099 0.000855 0.485435 0.363586 0.270727
0.754277 0.901693 0.090695 0.928726 0.832961 0.435106 0.317143 0.700032 0.734448 0.838583
0.428924 0.861626 0.040144 0.556622 0.146140 0.778081 0.339879 0.092901 0.398325 0.305670
0.230698 0.590134 0.699413 0.035961 0.655912 0.007408 0.563358 0.127398 0.904750 0.086964
0.299272 0.743305 0.545591 0.816732 0.927293 0.392892 0.417941 0.192582 0.968739 0.285360
0.128334 0.049347 0.818716 0.055462 0.361034 0.408246 0.250473 0.378945 0.221121 0.875255
