0.813483 0.616865 0.823717 0.474479 0.490761 0.313267 0.776523 0.630566 0.680860 0.496764
0.654792 0.806560 0.378545 0.848294 0.322597 0.217888 0.609634 0.729498 0.414409 0.956986
0.012946 0.169107 0.693050 0.483455 0.700468 0.018201 0.954672 0.272678 0.043568 0.256324
0.212672 0.396654 0.857473 0.349287 0.645220 0.234343 0.335835 0.932903 0.232457 0.910235
0.699117 0.278780 0.974943 0.296740 0.058639 0.885614 0.604479 0.319739 0.365638 0.036669
0.848205 0.506600 0.396898 0.530981 0.251644 0.791912 0.626119 0.083818 0.042286 0.370073
0.306048 0.172977 0.160005 0.785186 0.550324 0.211101 0.194894 0.386768 0.932028 0.319954
0.706061 0.089607 0.761661 0.708877 0.209904 0.140019 0.712052 0.372641 0.017995 0.945231
0.949172 0.654423 0.874020 0.081348 0.829719 0.644227 0.181776 0.834211 0.417456 0.833302
0.108893 0.216441 0.710373 0.129108 0.500245 0.294382 0.511194 0.672834 0.221687 0.217399

0.330354 0.212775 0.112253 0.701641 0.410784 0.706328 0.497851 0.516062 0.123950 0.764027
0.412289 0.384193 0.676488 0.460781 0.061573 0.636013 0.787922 0.639853 0.649941 0.071044
0.442710 0.749970 0.796897 0.828336 0.808968 0.566220 0.666551 0.659317 0.848554 0.532983
0.507912 0.338588 0.017520 0.232876 0.070359 0.360151 0.773745 0.125952 0.030473 0.392337
0.059468 0.714232 0.678360 0.522234 0.044090 0.845072 0.044334 0.098412 0.998179 0.910934
0.207884 0.593783 0.752802 0.119131 0.521826 0.938404 0.333205 0.498801 0.129014 0.237661
0.876708 0.339314 0.287311 0.170235 0.170189 0.081177 0.508534 0.707488 0.280505 0.111911
0.843328 0.642975 0.546136 0.003814 0.759437 0.320479 0.324162 0.627412 0.483821 0.157371
0.389274 0.349429 0.859725 0.652170 0.515287 0.275368 0.834420 0.731916 0.164923 0.077878
0.214453 0.142902 0.778639 0.135962 0.685902 0.732406 0.229057 0.819683 0.776268 0.323810
