0.634212 0.336311 0.968118 0.036816 0.630783 0.947399 0.355972 0.058487 0.362722 0.679019
0.980327 0.496550 0.831067 0.097936 0.049064 0.311641 0.886623 0.857177 0.695121 0.854551
0.034761 0.575143 0.108509 0.244625 0.260484 0.732542 0.312078 0.944517 0.225173 0.096943
0.498778 0.750154 0.012719 0.114291 0.614832 0.808425 0.211688 0.162596 0.793348 0.113916
0.920238 0.212806 0.673536 0.597328 0.416637 0.413654 0.938133 0.946056 0.097447 0.712745
0.065965 0.515495 0.279686 0.312124 0.721213 0.017351 0.690750 0.202049 0.348432 0.006215
0.806906 0.798936 0.026252 0.390468 0.899863 0.559240 0.138847 0.338840 0.415913 0.811495
0.477736 0.825371 0.025286 0.040881 0.863407 0.026043 0.539251 0.911696 0.818334 0.294004
0.035729 0.611656 0.506642 0.047773 0.768934 0.987076 0.598390 0.977275 0.965082 0.562839
0.053927 0.978442 0.966541 0.207002 0.588726 0.341000 0.252871 0.227089 0.938212 0.399474

0.299049 0.399303 0.940840 0.537918 0.134542 0.964934 0.665959 0.058854 0.195870 0.580958
0.562358 0.511874 0.391389 0.350354 0.701653 0.566407 0.376461 0.369804 0.344069 0.367349
0.298442 0.289542 0.610980 0.336036 0.295136 0.465597 0.427758 0.145223 0.456699 0.925798
0.627545 0.474574 0.193507 0.255728 0.289544 0.297302 0.453584 0.051895 0.186184 0.729089
0.449410 0.186942 0.335222 0.661690 0.475865 0.145104 0.640116 0.621119 0.604663 0.688667
0.787430 0.126721 0.601535 0.322379 0.695197 0.941570 0.551074 0.224460 0.404369 0.330199
0.385938 0.583801 0.389965 0.582938 0.125601 0.053827 0.429689 0.357336 0.991963 0.225439
0.496477 0.135717 0.917932 0.223417 0.384626 0.861240 0.545624 0.893997 0.253866 0.262167
0.394913 0.055437 0.092365 0.998940 0.681001 0.483270 0.684642 0.629398 0.028651 0.604759
0.816297 0.624382 0.510456 0.318742 0.053503 0.207370 0.565575 0.969335 0.572341 0.009968
