0.784534 0.021332 0.204710 0.269021 0.503323 0.489797 0.989785 0.836511 0.804347 0.157813
0.323785 0.507979 0.429727 0.315897 0.799643 0.156615 0.832926 0.412800 0.418518 0.099836
0.781888 0.618470 0.093592 0.251342 0.966011 0.611428 0.159718 0.728130 0.789992 0.563862
0.912807 0.583567 0.684043 0.351904 0.111370 0.762724 0.203029 0.369697 0.120859 0.652674
0.388957 0.164351 0.917320 0.696776 0.620059 0.196791 0.979286 0.087162 0.466628 0.080954
0.750511 0.329332 0.200956 0.098823 0.126368 0.903141 0.746798 0.588133 0.728155 0.933608
0.795436 0.489436 0.473729 0.110563 0.361060 0.988673 0.920261 0.496503 0.620228 0.740184
0.804995 0.532663 0.516366 0.124304 0.837339 0.112007 0.533939 0.473535 0.274513 0.140473
0.666518 0.345675 0.050686 0.463616 0.164945 0.702422 0.878313 0.318048 0.349834 0.413908
0.971758 0.140322 0.615189 0.254597 0.066919 0.954476 0.142388 0.472641 0.037953 0.393976

0.106700 0.210770 0.666837 0.266333 0.996679 0.805631 0.618632 0.926435 0.615417 0.160298
0.216026 0.491697 0.770493 0.101911 0.882814 0.512327 0.646739 0.433443 0.886082 0.425188
0.443949 0.072258 0.497864 0.257137 0.406608 0.474504 0.621293 0.873452 0.566571 0.823827
0.131376 0.871949 0.125876 0.068160 0.006416 0.024888 0.910171 0.448629 0.140356 0.005985
0.183157 0.142241 0.567410 0.902471 0.734420 0.810004 0.707491 0.363513 0.017876 0.824797
0.463345 0.992247 0.199142 0.738481 0.174615 0.852498 0.620834 0.566451 0.967808 0.434879
0.241643 0.375420 0.138769 0.530038 0.026401 0.793194 0.678988 0.926001 0.399797 0.330884
0.647452 0.950377 0.997284 0.064063 0.952770 0.593191 0.060353 0.281396 0.838607 0.064598
0.893365 0.439854 0.248031 0.439876 0.588335 0.203540 0.873304 0.783399 0.095433 0.137504
0.286589 0.417697 0.227010 0.838631 0.837496 0.507238 0.738854 0.435357 0.313200 0.426776
