0.988406 0.826398 0.484058 0.867927 0.511064 0.724179 0.311981 0.549399 0.404028 0.198472
0.068511 0.366116 0.667696 0.177684 0.328609 0.076153 0.387554 0.421736 0.839346 0.553733
0.971316 0.915098 0.365428 0.268552 0.813872 0.493723 0.540257 0.823056 0.814729 0.000806
0.354488 0.862835 0.051706 0.287726 0.955156 0.432927 0.099195 0.550429 0.109591 0.118735
0.835141 0.635932 0.042123 0.333187 0.651441 0.274703 0.291384 0.849553 0.687296 0.564238
0.499947 0.020255 0.442292 0.153888 0.375023 0.723972 0.755072 0.297241 0.184103 0.372720
0.371096 0.957240 0.361454 0.827268 0.601778 0.641231 0.436314 0.259388 0.826928 0.820096
0.075536 0.676459 0.824162 0.849670 0.389722 0.723353 0.420546 0.103400 0.308181 0.581914
0.112465 0.632963 0.203105 0.349643 0.406428 0.420628 0.237412 0.297565 0.675109 0.824281
0.661900 0.045210 0.224923 0.696163 0.859723 0.740312 0.707732 0.869008 0.440061 0.367215

0.867699 0.943250 0.548345 0.766368 0.183806 0.238632 0.518892 0.171411 0.088838 0.248426
0.232605 0.080797 0.667423 0.165631 0.998401 0.912813 0.530636 0.084559 0.813314 0.707303
0.060103 0.709271 0.799078 0.508367 0.920506 0.538076 0.551062 0.000139 0.683264 0.099448
0.824135 0.116313 0.856242 0.751563 0.722698 0.266174 0.421399 0.779656 0.994933 0.196520
0.195740 0.426514 0.825556 0.672586 0.502215 0.589045 0.703408 0.536169 0.706003 0.611496
0.452114 0.056068 0.188159 0.783221 0.533776 0.164490 0.705548 0.991328 0.395792 0.408667
0.236086 0.020604 0.784028 0.560719 0.299626 0.053098 0.196832 0.653612 0.236335 0.622292
0.149098 0.265035 0.783547 0.915749 0.117699 0.721966 0.961034 0.177828 0.700541 0.357349
0.271424 0.618165 0.399660 0.518029 0.742737 0.931201 0.650479 0.592197 0.425272 0.924016
0.166595 0.127921 0.292839 0.158928 0.888152 0.457255 0.423345 0.205496 0.291749 0.850737
