0.706353 0.441453 0.372263 0.116396 0.988077 0.354665 0.121779 0.052487 0.182173 0.209045
0.988408 0.802682 0.009837 0.896682 0.630758 0.747981 0.072218 0.354326 0.277114 0.061382
0.989732 0.482129 0.335232 0.444461 0.622109 0.344598 0.151903 0.179928 0.300341 0.037630
0.295209 0.342798 0.463008 0.316040 0.825218 0.493510 0.543303 0.636463 0.039173 0.869884
0.397313 0.711692 0.564251 0.487680 0.694253 0.068576 0.181109 0.482654 0.770039 0.714348
0.251286 0.718510 0.556696 0.424765 0.237306 0.611371 0.533726 0.200653 0.243912 0.112148
0.489529 0.131612 0.998976 0.731710 0.347061 0.065525 0.898279 0.855966 0.136931 0.925297
0.866906 0.858272 0.180468 0.702142 0.699786 0.971971 0.028473 0.655437 0.383972 0.855053
0.513251 0.375457 0.675941 0.037157 0.142439 0.778342 0.122136 0.708540 0.166931 0.448676
0.458034 0.169159 0.968245 0.942626 0.613788 0.394864 0.633778 0.529281 0.880119 0.447701

0.470036 0.718799 0.044012 0.952070 0.111867 0.758122 0.697007 0.444434 0.647845 0.844230
0.259593 0.176055 0.357086 0.081144 0.408574 0.814154 0.421063 0.635114 0.097821 0.510284
0.154796 0.449849 0.355137 0.217630 0.643835 0.709150 0.432828 0.235700 0.537490 0.487562
0.111261 0.293416 0.083386 0.850282 0.877094 0.646566 0.452604 0.176040 0.270730 0.172068
0.316084 0.131719 0.694575 0.456426 0.930728 0.018784 0.612066 0.817237 0.485800 0.425663
0.841540 0.753445 0.537218 0.358883 0.932354 0.070724 0.922673 0.594113 0.396456 0.829324
0.012191 0.884238 0.833314 0.002693 0.419376 0.633301 0.941852 0.277738 0.928734 0.873424
0.316309 0.808349 0.305292 0.037763 0.361752 0.710310 0.502588 0.852228 0.180626 0.501194
0.669567 0.392928 0.118317 0.584305 0.007692 0.517593 0.665665 0.637540 0.079265 0.613792
0.053096 0.606239 0.621963 0.252569 0.831410 0.861643 0.615299 0.336780 0.986237 0.901687
