0.644415 0.111373 0.796495 0.006794 0.080611 0.526692 0.736866 0.578036 0.977335 0.562219
0.716558 0.536457 0.534748 0.830185 0.082713 0.373593 0.899189 0.148777 0.254152 0.330423
0.629559 0.424027 0.577232 0.552882 0.355915 0.431800 0.638050 0.415410 0.595060 0.898200
0.212272 0.938646 0.948407 0.276062 0.963512 0.676431 0.628464 0.989114 0.282925 0.093159
0.811291 0.474654 0.132362 0.979130 0.263280 0.532024 0.119125 0.180688 0.047594 0.492467
0.212625 0.336836 0.072239 0.378646 0.451755 0.496218 0.175033 0.648607 0.131058 0.947205
0.211999 0.526757 0.364733 0.741618 0.052495 0.462613 0.112269 0.575735 0.849327 0.164789
0.043463 0.140376 0.079176 0.909826 0.684513 0.397105 0.232945 0.213708 0.535491 0.182293
0.258309 0.373035 0.574457 0.404427 0.880856 0.527574 0.618338 0.090803 0.405150 0.959301
0.402724 0.680921 0.101073 0.255050 0.824322 0.117914 0.294212 0.211597 0.423210 0.128929

0.482432 0.476599 0.952612 0.326034 0.835495 0.216975 0.344219 0.062816 0.820747 0.056488
0.422328 0.324442 0.733807 0.975866 0.845715 0.400257 0.774279 0.006490 0.149815 0.146316
0.467969 0.632583 0.198352 0.708946 0.796947 0.753005 0.358226 0.304025 0.985449 0.967308
0.890028 0.483568 0.466160 0.076831 0.160372 0.257983 0.387240 0.270714 0.305821 0.656417
0.076557 0.121922 0.584980 0.526111 0.229796 0.061987 0.533530 0.045481 0.217370 0.070576
0.171674 0.896055 0.276151 0.532006 0.927845 0.827623 0.720561 0.705681 0.666390 0.737952
0.311416 0.190872 0.898220 0.419891 0.897558 0.202107 0.969702 0.855740 0.148891 0.071527
0.772456 0.319428 0.622104 0.834310 0.520301 0.699886 0.358059 0.057995 0.676828 0.340593
0.702243 0.413331 0.294842 0.075308 0.256043 0.093268 0.872362 0.117179 0.211451 0.537176
0.076296 0.928441 0.698060 0.889900 0.276075 0.398600 0.626946 0.797659 0.367359 0.342781
