0.472718 0.415051 0.266257 0.119096 0.841318 0.057166 0.993850 0.803619 0.000400 0.866527
0.412457 0.178946 0.872739 0.007709 0.948861 0.897575 0.340094 0.961011 0.669735 0.731869
0.957743 0.481783 0.330168 0.308238 0.995193 0.119975 0.543184 0.830947 0.287420 0.999714
0.546395 0.788103 0.383175 0.551259 0.186181 0.172445 0.672973 0.461520 0.200130 0.030447
0.428156 0.592169 0.093389 0.772045 0.100539 0.673697 0.714190 0.615023 0.649201 0.416126
0.692194 0.708009 0.247306 0.525039 0.132100 0.956812 0.635825 0.939356 0.503699 0.147261
0.846365 0.939688 0.658574 0.979730 0.839303 0.108952 0.536838 0.924842 0.821895 0.813541
0.456833 0.252831 0.359356 0.170749 0.093523 0.630082 0.891348 0.363076 0.016391 0.291141
0.674343 0.110200 0.683461 0.095351 0.887592 0.189635 0.240457 0.252279 0.362347 0.124597
0.885462 0.246590 0.028421 0.982463 0.890564 0.923429 0.716862 0.575845 0.419967 0.047164

0.956062 0.909422 0.968262 0.446883 0.544136 0.997327 0.981380 0.445175 0.921747 0.437916
0.400608 0.730412 0.218790 0.375144 0.801149 0.564278 0.621750 0.086249 0.817005 0.014010
0.571845 0.757020 0.814156 0.514315 0.169358 0.946232 0.919295 0.742658 0.155723 0.594530
0.675520 0.706557 0.141959 0.119538 0.747335 0.224600 0.944721 0.578834 0.168626 0.620511
0.231764 0.941000 0.794130 0.645261 0.726739 0.931301 0.726697 0.115423 0.186948 0.030250
0.719888 0.152544 0.747098 0.818918 0.758405 0.019824 0.667043 0.828891 0.569336 0.201764
0.797181 0.780432 0.355490 0.619336 0.043090 0.688761 0.396808 0.624474 0.970086 0.558944
0.274510 0.645215 0.225579 0.279656 0.054329 0.783593 0.664360 0.746982 0.850667 0.503177
0.304846 0.871340 0.146482 0.275366 0.287643 0.787088 0.301984 0.493926 0.399075 0.665362
0.328673 0.859755 0.744562 0.380618 0.732658 0.598035 0.291725 0.276258 0.580154 0.415985
