0.754553 0.906661 0.981243 0.256417 0.558588 0.557921 0.681608 0.357844 0.418191 0.784636
0.266196 0.857094 0.245772 0.251200 0.870394 0.242281 0.282978 0.839050 0.433364 0.840749
0.998309 0.098184 0.054464 0.430585 0.055637 0.294060 0.847598 0.601592 0.411920 0.054624
0.637381 0.643048 0.568682 0.894883 0.757788 0.502656 0.295598 0.068925 0.325603 0.556089
0.874140 0.016222 0.569986 0.410167 0.377840 0.119731 0.581150 0.691823 0.375201 0.158934
0.661991 0.049793 0.003691 0.672349 0.960209 0.437422 0.341907 0.281627 0.881516 0.656356
0.765433 0.535515 0.945715 0.857652 0.460475 0.247763 0.347670 0.617557 0.215202 0.448470
0.767920 0.208962 0.172425 0.383297 0.282141 0.955544 0.229296 0.729447 0.370148 0.415498
0.148445 0.652937 0.907606 0.390487 0.054487 0.013489 0.970298 0.446660 0.640008 0.268841
0.283443 0.243979 0.860776 0.609128 0.961317 0.296223 0.269506 0.956038 0.503418 0.022915

0.210142 0.865214 0.151962 0.022099 0.248043 0.480837 0.085999 0.851143 0.669405 0.199403
0.365532 0.400918 0.693604 0.119362 0.973636 0.253089 0.291690 0.336212 0.681149 0.168847
0.124941 0.971323 0.495063 0.543850 0.855311 0.780963 0.806250 0.549325 0.466762 0.988470
0.451296 0.713408 0.126372 0.811755 0.064544 0.503321 0.635630 0.134840 0.712981 0.312188
0.187277 0.139795 0.771605 0.118349 0.354589 0.012010 0.908088 0.519337 0.614729 0.489545
0.318188 0.643752 0.216912 0.466152 0.360702 0.199766 0.294512 0.223069 0.266814 0.599729
0.035704 0.850263 0.428093 0.150862 0.612101 0.989378 0.539507 0.691001 0.995592 0.316202
0.548382 0.662506 0.879965 0.507914 0.250648 0.673683 0.878434 0.008535 0.744690 0.020324
0.908509 0.884031 0.816983 0.447828 0.504475 0.136154 0.142818 0.827806 0.799827 0.571418
0.053277 0.558651 0.092086 0.145514 0.166275 0.571548 0.671231 0.131370 0.121841 0.897384
