0.153075 0.746800 0.843459 0.555211 0.687382 0.228994 0.444277 0.469258 0.268240 0.891973
0.173635 0.592327 0.636327 0.790318 0.139790 0.765110 0.743111 0.368532 0.127692 0.206513
0.855650 0.927999 0.686238 0.029296 0.203463 0.552865 0.050777 0.373656 0.970992 0.998285
0.558055 0.940963 0.867626 0.427242 0.524449 0.218513 0.517642 0.636769 0.498053 0.949101
0.782906 0.895905 0.072853 0.591005 0.938962 0.063905 0.749565 0.176447 0.450955 0.250556
0.296576 0.764445 0.441645 0.328512 0.119329 0.271222 0.897142 0.729264 0.103576 0.428367
0.023004 0.395037 0.896022 0.219573 0.562165 0.351611 0.176282 0.780133 0.247195 0.235952
0.907477 0.826171 0.042703 0.402130 0.635253 0.544517 0.095216 0.652186 0.256672 0.866120
0.539324 0.812026 0.879728 0.532192 0.799975 0.890733 0.453687 0.488151 0.857296 0.716517
0.768271 0.178350 0.192744 0.610741 0.889737 0.881913 0.438313 0.123565 0.315929 0.246721

0.599891 0.728106 0.306841 0.354829 0.619283 0.480387 0.680076 0.649163 0.364746 0.136228
0.023518 0.841608 0.160532 0.640082 0.681441 0.504361 0.738685 0.954126 0.108718 0.781452
0.805313 0.468881 0.944393 0.125281 0.890286 0.727589 0.735602 0.606636 0.620432 0.352029
0.974427 0.962562 0.622907 0.542192 0.966270 0.295656 0.154469 0.138961 0.629199 0.319059
0.077232 0.452716 0.567322 0.860232 0.959426 0.297981 0.080430 0.326557 0.636303 0.688891
0.738242 0.372607 0.103170 0.993092 0.033969 0.147673 0.950775 0.765195 0.962616 0.848994
0.010652 0.877454 0.241814 0.435960 0.117805 0.963901 0.400311 0.278070 0.570679 0.626398
0.618337 0.630384 0.672905 0.620758 0.845636 0.850885 0.625087 0.163418 0.848438 0.712727
0.699915 0.163750 0.447857 0.136370 0.257766 0.557350 0.253543 0.671549 0.488236 0.856783
0.727501 0.510048 0.949590 0.207191 0.718417 0.464440 0.629958 0.225087 0.647065 0.151795
