0.620515 0.475468 0.046177 0.084025 0.857670 0.443136 0.629889 0.206908 0.866710 0.764708
0.660614 0.301900 0.321484 0.654673 0.692787 0.014838 0.425915 0.295841 0.645861 0.216573
0.387813 0.224018 0.169087 0.333658 0.936769 0.372975 0.182063 0.846931 0.139479 0.233987
0.460031 0.058754 0.704064 0.067046 0.266479 0.681314 0.550695 0.516579 0.506188 0.535536
0.783299 0.365106 0.147168 0.005114 0.172857 0.377424 0.283754 0.633969 0.320768 0.860230
0.335955 0.433756 0.297167 0.092672 0.704043 0.901722 0.626823 0.272094 0.603343 0.721531
0.583699 0.347002 0.755673 0.341168 0.391765 0.527134 0.824749 0.622223 0.494206 0.446330
0.584771 0.476995 0.426256 0.386691 0.585978 0.994418 0.529800 0.220517 0.941206 0.248180
0.826498 0.454157 0.715490 0.705905 0.462321 0.441025 0.668779 0.338262 0.031529 0.911493
0.686819 0.968320 0.165614 0.019755 0.312141 0.708196 0.266627 0.062661 0.380391 0.357102

0.165773 0.028212 0.324848 0.205098 0.451970 0.423011 0.537714 0.744622 0.920923 0.113828
0.150887 0.720573 0.726903 0.090171 0.305372 0.970751 0.575838 0.913602 0.886679 0.569362
0.010230 0.200926 0.426119 0.130211 0.708912 0.150761 0.378356 0.862336 0.937685 0.479175
0.271814 0.894642 0.809838 0.581044 0.157272 0.446078 0.791676 0.631887 0.782707 0.912815
0.415039 0.623778 0.421432 0.649328 0.567024 0.823983 0.223016 0.378748 0.543545 0.459143
0.699603 0.348300 0.115782 0.759500 0.729579 0.762547 0.038257 0.961128 0.362986 0.445436
0.926633 0.622956 0.550081 0.892085 0.304721 0.270343 0.966346 0.279535 0.308405 0.466389
0.174735 0.230817 0.554221 0.259736 0.403446 0.801885 0.761281 0.608625 0.798107 0.351516
0.466547 0.621987 0.922158 0.234296 0.415289 0.119190 0.053656 0.831918 0.832622 0.326714
0.566165 0.772155 0.101704 0.912315 0.405249 0.983671 0.557750 0.791482 0.461257 0.621434
