0.526562 0.772215 0.645904 0.787932 0.759297 0.852796 0.891997 0.424969 0.865346 0.514417
0.220524 0.604076 0.069078 0.255927 0.873425 0.106624 0.649818 0.626763 0.131155 0.194648
0.333861 0.214531 0.822278 0.969568 0.903927 0.948069 0.923619 0.717580 0.895998 0.084159
0.005737 0.364738 0.190052 0.315846 0.455527 0.039891 0.853252 0.128477 0.501534 0.701951
0.439911 0.966595 0.376556 0.188044 0.521636 0.665928 0.053612 0.063310 0.979918 0.038328
0.562904 0.857259 0.299872 0.199649 0.994996 0.043758 0.064302 0.289445 0.048171 0.832373
0.798236 0.335774 0.488341 0.349206 0.900595 0.595595 0.648444 0.318749 0.139083 0.873499
0.076320 0.462803 0.895739 0.225904 0.089127 0.261998 0.173695 0.463300 0.657575 0.861752
0.357982 0.814951 0.307100 0.630287 0.130516 0.435366 0.025850 0.317310 0.800361 0.563852
0.454430 0.806280 0.873943 0.509840 0.283001 0.677699 0.254172 0.577019 0.899051 0.442912

0.348283 0.886888 0.500094 0.112498 0.911632 0.950776 0.690783 0.262214 0.536195 0.862228
0.395940 0.193514 0.702305 0.329043 0.955035 0.893488 0.933736 0.379055 0.976413 0.816774
0.967852 0.922433 0.465784 0.200884 0.646092 0.414461 0.005547 0.174489 0.968062 0.601483
0.420689 0.300660 0.062537 0.865419 0.214565 0.191510 0.713864 0.650681 0.293933 0.059375
0.230995 0.520782 0.262035 0.179774 0.199977 0.336563 0.744939 0.465944 0.089667 0.209152
0.243744 0.417070 0.027475 0.095036 0.455032 0.678754 0.042394 0.606765 0.332744 0.147397
0.928557 0.572257 0.883651 0.328427 0.681644 0.324383 0.636054 0.091594 0.854601 0.537925
0.862968 0.263474 0.239029 0.067455 0.734208 0.271126 0.630345 0.323621 0.553438 0.909904
0.514728 0.298530 0.400524 0.695770 0.454359 0.068963 0.820310 0.085347 0.976746 0.658216
0.106647 0.198897 0.978722 0.917844 0.320326 0.879898 0.205538 0.588590 0.795107 0.962208
