0.303564 0.569884 0.728555 0.131232 0.962732 0.590757 0.380806 0.984732 0.225497 0.666272
0.784952 0.631844 0.211316 0.008440 0.650145 0.186710 0.813672 0.374375 0.314688 0.555579
0.084981 0.453990 0.397453 0.599774 0.450146 0.469695 0.355356 0.932110 0.666868 0.491631
0.754212 0.154862 0.062152 0.452430 0.751373 0.247133 0.303425 0.842236 0.532123 0.698550
0.673060 0.243559 0.577078 0.082559 0.140123 0.472837 0.791583 0.162346 0.979892 0.452989
0.343517 0.084769 0.611333 0.475835 0.408291 0.984078 0.346047 0.930446 0.465683 0.546812
0.602456 0.631798 0.378340 0.792064 0.951888 0.933166 0.499717 0.960127 0.633497 0.848557
0.791268 0.981042 0.451665 0.859182 0.726137 0.467304 0.203582 0.203799 0.272580 0.253064
0.301532 0.840660 0.369097 0.448383 0.864100 0.044337 0.308603 0.088348 0.161871 0.326467
0.731294 0.425241 0.721321 0.961536 0.514864 0.186203 0.661134 0.125327 0.022717 0.207515

0.810525 0.556694 0.726657 0.648941 0.004452 0.608326 0.625720 0.809023 0.526188 0.076453
0.707891 0.370105 0.818488 0.076907 0.826994 0.679362 0.891922 0.350511 0.606951 0.857968
0.236925 0.911012 0.891348 0.581907 0.091728 0.465129 0.377023 0.583582 0.451706 0.240760
0.506883 0.228803 0.564600 0.552982 0.845026 0.298708 0.108785 0.045281 0.668606 0.822066
0.536965 0.981582 0.335924 0.550403 0.283799 0.705275 0.777938 0.611689 0.008044 0.598140
0.545728 0.554294 0.518535 0.221913 0.891149 0.729247 0.119871 0.717198 0.289183 0.432832
0.664060 0.607760 0.642645 0.079980 0.518993 0.960839 0.621067 0.787353 0.707208 0.247478
0.548278 0.734182 0.474652 0.713444 0.374659 0.647457 0.272159 0.806183 0.982366 0.891085
0.356427 0.725904 0.064779 0.388789 0.904188 0.877215 0.758124 0.038201 0.893674 0.014868
0.949288 0.462981 0.109667 0.196023 0.070899 0.909684 0.945702 0.851391 0.699924 0.115645
