0.572391 0.258057 0.635391 0.484696 0.001679 0.582893 0.015738 0.253263 0.320094 0.700983
0.698183 0.038498 0.282187 0.302696 0.351058 0.823364 0.629213 0.132504 0.264278 0.524821
0.382036 0.529869 0.261314 0.477352 0.245692 0.835740 0.885942 0.106594 0.555808 0.736394
0.665025 0.915107 0.691266 0.107477 0.215732 0.816443 0.169781 0.846420 0.103223 0.620955
0.891070 0.255882 0.254734 0.444490 0.474104 0.418962 0.126266 0.698094 0.106212 0.883717
0.390315 0.581043 0.892648 0.109681 0.749964 0.161682 0.074104 0.278351 0.441206 0.435186
0.216114 0.802421 0.838123 0.136796 0.549855 0.117974 0.038005 0.947756 0.938074 0.096515
0.455986 0.479308 0.777411 0.781169 0.727712 0.351196 0.732797 0.989831 0.514686 0.901945
0.654558 0.279016 0.867360 0.241437 0.890189 0.126406 0.475998 0.461335 0.729948 0.871326
0.904990 0.278778 0.179047 0.960094 0.874684 0.886421 0.156537 0.040361 0.414704 0.613066

0.834576 0.061049 0.256818 0.636632 0.451054 0.857716 0.552164 0.799580 0.178245 0.744923
0.572526 0.086579 0.962578 0.415672 0.232195 0.500435 0.912985 0.743786 0.756879 0.370171
0.116919 0.887593 0.869315 0.463588 0.604441 0.501394 0.063755 0.660057 0.977081 0.454017
0.950314 0.310935 0.709769 0.959007 0.753236 0.697485 0.238011 0.097331 0.348086 0.499912
0.445073 0.574237 0.984755 0.481860 0.858538 0.231334 0.742577 0.068472 0.118585 0.001761
0.309721 0.301148 0.783816 0.662153 0.422478 0.153637 0.522565 0.518662 0.691023 0.664691
0.056956 0.241698 0.499320 0.531381 0.781535 0.803161 0.153411 0.886577 0.491633 0.267675
0.014540 0.575089 0.357946 0.894725 0.418602 0.865926 0.408828 0.288972 0.218376 0.714907
0.833915 0.579836 0.208790 0.630470 0.735005 0.577099 0.625706 0.376543 0.864899 0.482800
0.096278 0.517620 0.981531 0.606358 0.453381 0.470632 0.521351 0.137303 0.838870 0.104261
