0.716899 0.657434 0.236962 0.109006 0.125654 0.040964 0.386399 0.276120 0.990753 0.821576
0.141133 0.684535 0.660473 0.252623 0.992275 0.289111 0.337268 0.116729 0.489114 0.790367
0.182897 0.408139 0.894907 0.403926 0.865439 0.104244 0.682566 0.395854 0.693152 0.996990
0.335985 0.968865 0.648276 0.516437 0.189995 0.649646 0.743180 0.890292 0.386868 0.048939
0.088591 0.108692 0.437931 0.432924 0.588474 0.423004 0.701001 0.871241 0.725304 0.720460
0.320083 0.122595 0.484650 0.952349 0.458454 0.377044 0.228875 0.447545 0.831056 0.507446
0.134678 0.376237 0.313466 0.566715 0.154383 0.413545 0.836410 0.874932 0.416318 0.922407
0.237007 0.448306 0.453191 0.521369 0.216715 0.084456 0.936566 0.462010 0.531506 0.565342
0.467960 0.085904 0.094416 0.301578 0.920163 0.255363 0.950634 0.118994 0.718714 0.328488
0.166470 0.259554 0.764937 0.156082 0.597649 0.943194 0.285708 0.589336 0.484321 0.200530

0.964224 0.387450 0.064048 0.741610 0.030485 0.321174 0.209116 0.265669 0.602002 0.736526
0.600567 0.939105 0.062781 0.127224 0.305495 0.076141 0.748670 0.393752 0.510530 0.283743
0.491532 0.168213 0.050335 0.888318 0.448580 0.929956 0.064221 0.032458 0.670752 0.793416
0.921123 0.772079 0.101104 0.403170 0.529920 0.992240 0.982974 0.787235 0.493808 0.416026
0.757362 0.409083 0.886599 0.535465 0.178373 0.663180 0.807752 0.837720 0.116605 0.347405
0.308078 0.408159 0.943835 0.239015 0.552971 0.022902 0.569663 0.764899 0.519726 0.086763
0.063882 0.921138 0.609469 0.244159 0.713000 0.133348 0.194051 0.729101 0.634677 0.596401
0.232150 0.901363 0.052061 0.003239 0.972429 0.745692 0.541976 0.092881 0.735804 0.187493
0.271737 0.268988 0.310033 0.792888 0.033081 0.699850 0.330243 0.787130 0.973762 0.987562
0.413573 0.823284 0.197559 0.636330 0.066453 0.431353 0.770421 0.735214 0.450366 0.800033
