0.448552 0.820517 0.250229 0.102257 0.050470 0.689995 0.154283 0.273435 0.858797 0.540043
0.684047 0.014968 0.362274 0.180725 0.145931 0.834137 0.273198 0.045161 0.144952 0.404852
0.321538 0.548483 0.253247 0.534459 0.770090 0.377668 0.452531 0.719674 0.359883 0.209301
0.871380 0.496284 0.109491 0.465317 0.241277 0.181766 0.951528 0.353539 0.260496 0.333346
0.829935 0.329722 0.538337 0.721520 0.406843 0.425773 0.473251 0.444421 0.902699 0.408770
0.001952 0.500823 0.288989 0.265884 0.885862 0.801549 0.115848 0.762610 0.809336 0.630864
0.505422 0.647913 0.225021 0.854348 0.238198 0.201736 0.318155 0.254284 0.138199 0.054926
0.788660 0.176205 0.469040 0.393250 0.571060 0.382941 0.601935 0.325022 0.678103 0.084798
0.455938 0.210916 0.648972 0.043724 0.461447 0.640622 0.814542 0.430811 0.472415 0.217797
0.266148 0.697079 0.391398 0.722955 0.304242 0.052538 0.089674 0.502445 0.798420 0.137502

0.814004 0.208897 0.841030 0.572357 0.470221 0.356375 0.832892 0.232207 0.478905 0.440315
0.013957 0.447254 0.206777 0.716748 0.009471 0.742107 0.844826 0.814656 0.069720 0.531532
0.964270 0.068866 0.331931 0.824464 0.892035 0.695412 0.135837 0.010865 0.166459 0.548005
0.003834 0.258672 0.987166 0.030272 0.731436 0.173631 0.310650 0.907348 0.592692 0.879588
0.400345 0.293108 0.910016 0.310165 0.537079 0.318232 0.103992 0.869823 0.526221 0.468620
0.196299 0.423573 0.299683 0.687636 0.829382 0.549659 0.104502 0.390957 0.262412 0.623450
0.080181 0.299410 0.952992 0.311081 0.036852 0.477439 0.750050 0.459655 0.727047 0.519246
0.811004 0.611252 0.311824 0.482094 0.768548 0.519128 0.459455 0.112722 0.180642 0.328236
0.825286 0.680482 0.979258 0.638705 0.635692 0.139586 0.321460 0.607022 0.496791 0.768837
0.933266 0.612954 0.619604 0.468378 0.786727 0.437609 0.140293 0.807714 0.431955 0.559118
