0.359407 0.692644 0.308832 0.484657 0.756168 0.486422 0.194382 0.249461 0.293654 0.241120
0.389330 0.696868 0.117803 0.947344 0.632389 0.786148 0.376669 0.976973 0.697514 0.505157
0.624171 0.844034 0.691938 0.072166 0.260367 0.430188 0.959973 0.129204 0.579853 0.078353
0.312197 0.734595 0.167843 0.495533 0.543354 0.307342 0.593286 0.855814 0.850712 0.030112
0.755492 0.196380 0.778023 0.663353 0.019011 0.826866 0.956396 0.321654 0.641526 0.813799
0.481820 0.438317 0.911461 0.616378 0.266532 0.108693 0.210928 0.095154 0.096157 0.063337
0.906141 0.908746 0.335151 0.572886 0.743608 0.795862 0.176550 0.428795 0.325975 0.801404
0.251403 0.459686 0.511156 0.675662 0.203815 0.284493 0.400144 0.126219 0.319428 0.018114
0.850320 0.203677 0.247213 0.007770 0.766251 0.694461 0.069725 0.189441 0.128444 0.334173
0.865718 0.411812 0.731126 0.720696 0.489593 0.268755 0.345615 0.905015 0.897772 0.553550

0.091632 0.228083 0.648330 0.249504 0.964171 0.432471 0.251903 0.287439 0.107745 0.145499
0.932346 0.999311 0.261712 0.733204 0.931158 0.038989 0.889181 0.194784 0.451107 0.517252
0.611452 0.219027 0.115695 0.596122 0.600008 0.122147 0.967980 0.234731 0.662746 0.644897
0.300201 0.668392 0.522972 0.689196 0.491106 0.640659 0.837086 0.271229 0.039895 0.970703
0.376599 0.632180 0.484791 0.691046 0.709253 0.655965 0.216205 0.049147 0.951715 0.997712
0.556442 0.898756 0.000240 0.075381 0.104256 0.317772 0.686824 0.227715 0.148199 0.130840
0.105439 0.011865 0.619116 0.747264 0.071785 0.028827 0.694130 0.003839 0.777929 0.238874
0.371068 0.609248 0.450868 0.006833 0.726432 0.593734 0.055381 0.754786 0.319294 0.525079
0.674612 0.429066 0.943960 0.409483 0.518332 0.988985 0.608617 0.372968 0.698814 0.406970
0.793049 0.927259 0.291551 0.739459 0.898733 0.295307 0.469369 0.170409 0.673442 0.844653
