0.772970 0.212708 0.572732 0.226205 0.879900 0.014858 0.293573 0.232543 0.830086 0.920127
0.422595 0.584462 0.909325 0.565535 0.233517 0.452601 0.622395 0.969336 0.836823 0.216280
0.684889 0.681545 0.007817 0.706619 0.230196 0.659775 0.895879 0.588239 0.542455 0.477510
0.564043 0.413224 0.723185 0.156519 0.172434 0.653461 0.033599 0.216743 0.018232 0.139256
0.201414 0.603603 0.836328 0.869588 0.809078 0.393609 0.701827 0.108640 0.786364 0.544927
0.367756 0.048349 0.679438 0.864112 0.371940 0.288205 0.689004 0.337719 0.870222 0.433798
0.353594 0.956359 0.215356 0.928363 0.882892 0.297211 0.706718 0.105365 0.642530 0.375461
0.257696 0.370691 0.344435 0.200947 0.712830 0.191091 0.126793 0.307603 0.073895 0.621758
0.815693 0.366611 0.000098 0.281823 0.335115 0.786137 0.554590 0.802569 0.617892 0.137593
0.512719 0.434826 0.191137 0.383866 0.135473 0.729641 0.560671 0.148627 0.886852 0.618419

0.433338 0.018604 0.288144 0.630771 0.045269 0.318719 0.075063 0.646338 0.111627 0.307114
0.856108 0.120663 0.906549 0.666146 0.275010 0.587974 0.271178 0.026793 0.776649 0.714421
0.172978 0.265108 0.951315 0.322805 0.563948 0.937896 0.701794 0.634439 0.029435 0.221421
0.787324 0.674543 0.340418 0.484405 0.735915 0.802676 0.402409 0.542393 0.947204 0.666644
0.790330 0.600362 0.694302 0.109177 0.999356 0.824052 0.799456 0.409570 0.748365 0.312949
0.140153 0.309019 0.254300 0.363101 0.055396 0.092347 0.011210 0.628509 0.087460 0.121157
0.616806 0.571842 0.629220 0.517041 0.832303 0.572959 0.254730 0.508711 0.877664 0.084337
0.233126 0.572914 0.424125 0.213445 0.174841 0.527580 0.600085 0.001438 0.608434 0.146710
0.773277 0.467718 0.076657 0.750612 0.832087 0.507124 0.127073 0.998249 0.260358 0.911089
0.181585 0.212192 0.246402 0.002148 0.029473 0.639768 0.412642 0.467755 0.717191 0.202479
