0.349464 0.725791 0.529199 0.818442 0.688103 0.580241 0.748391 0.370552 0.131249 0.884176
0.284974 0.487634 0.627416 0.314135 0.712853 0.326779 0.657505 0.628239 0.823479 0.331553
0.655149 0.950343 0.843934 0.302152 0.838843 0.685973 0.781226 0.945335 0.974428 0.615613
0.721069 0.806868 0.707767 0.229800 0.374695 0.307166 0.831553 0.087030 0.286509 0.588088
0.468114 0.560997 0.610655 0.365758 0.267501 0.895100 0.973622 0.778195 0.967241 0.725271
0.909109 0.367589 0.758440 0.126044 0.086975 0.652887 0.507604 0.553136 0.804431 0.864596
0.704851 0.104092 0.654989 0.147396 0.270487 0.182783 0.426142 0.785189 0.104684 0.779109
0.421698 0.360266 0.111620 0.775338 0.277522 0.209661 0.595527 0.238327 0.837702 0.312482
0.566217 0.227557 0.687091 0.498350 0.306206 0.598038 0.503504 0.227772 0.422092 0.492711
0.087847 0.490381 0.291282 0.528970 0.728638 0.859171 0.693546 0.245190 0.878909 0.740687

0.790530 0.505158 0.384051 0.825279 0.319452 0.325396 0.865253 0.787214 0.623229 0.790130
0.579652 0.596487 0.524317 0.850206 0.937971 0.993080 0.698513 0.047253 0.092706 0.224097
0.943199 0.801112 0.535758 0.439942 0.683453 0.368955 0.605309 0.945416 0.648685 0.659199
0.697839 0.553493 0.837138 0.712517 0.494812 0.227795 0.507141 0.755751 0.686087 0.345224
0.252044 0.530151 0.018218 0.581150 0.739146 0.756399 0.378894 0.287825 0.901068 0.302582
0.850106 0.721059 0.825851 0.776077 0.852649 0.701999 0.145130 0.147204 0.816630 0.406010
0.987728 0.272876 0.019116 0.063934 0.431127 0.939896 0.932414 0.785470 0.891077 0.484891
0.064598 0.368519 0.737830 0.252386 0.645973 0.704209 0.424638 0.407142 0.658129 0.375537
0.569331 0.561412 0.818053 0.903587 0.117491 0.988304 0.305049 0.359655 0.868260 0.690667
0.455231 0.748441 0.117523 0.253850 0.053214 0.124745 0.544190 0.487053 0.136364 0.717557
