0.663385 0.420544 0.436901 0.393258 0.069587 0.374646 0.489033 0.393053 0.315038 0.223526
0.912636 0.694952 0.857525 0.885953 0.904062 0.470909 0.042989 0.455462 0.548237 0.186991
0.978444 0.653561 0.259746 0.306527 0.306024 0.967068 0.620128 0.335948 0.161950 0.221956
0.797466 0.787347 0.429331 0.573028 0.194583 0.159269 0.324822 0.855646 0.905705 0.604376
0.702900 0.736911 0.704873 0.875018 0.253060 0.130009 0.129771 0.225541 0.181441 0.586480
0.798969 0.783024 0.924435 0.902913 0.971829 0.942985 0.178671 0.695156 0.874939 0.445379
0.450306 0.141804 0.675995 0.251871 0.499608 0.804040 0.122169 0.777606 0.586627 0.257347
0.008772 0.972496 0.453417 0.454398 0.270953 0.252058 0.912598 0.321937 0.076469 0.085386
0.937721 0.112863 0.903626 0.669498 0.334801 0.584160 0.826717 0.697071 0.856232 0.587865
0.544718 0.712882 0.745106 0.212525 0.981617 0.789752 0.580086 0.575397 0.549654 0.734074

0.598321 0.942405 0.130781 0.676541 0.095265 0.880270 0.117606 0.855934 0.620441 0.148106
0.386097 0.929904 0.719783 0.006095 0.660780 0.042198 0.317881 0.686136 0.419299 0.980403
0.888836 0.558121 0.995159 0.077912 0.992802 0.452955 0.520348 0.302736 0.796232 0.443355
0.462837 0.537710 0.114331 0.706723 0.710292 0.672293 0.676232 0.068613 0.957054 0.353682
0.743956 0.824856 0.765141 0.686810 0.170438 0.497491 0.818697 0.465795 0.887904 0.833691
0.213209 0.933590 0.446388 0.192792 0.783105 0.736409 0.887670 0.444477 0.112037 0.963450
0.644659 0.637911 0.578647 0.580594 0.716366 0.019502 0.298936 0.300891 0.427649 0.211540
0.847480 0.229158 0.753877 0.257497 0.547586 0.616903 0.763541 0.674722 0.814066 0.776315
0.282751 0.625147 0.425750 0.862436 0.090414 0.033741 0.565508 0.403635 0.857727 0.828284
0.572641 0.814020 0.385537 0.587482 0.669378 0.962320 0.670856 0.529388 0.277066 0.679679
