0.459708 0.800134 0.485510 0.104452 0.845125 0.477852 0.059589 0.023928 0.157936 0.027745
0.788656 0.062836 0.537789 0.348100 0.335555 0.584220 0.405928 0.848504 0.795506 0.787543
0.254267 0.367818 0.841763 0.034869 0.486891 0.448668 0.164639 0.630139 0.551431 0.409216
0.389707 0.753480 0.505209 0.400168 0.249958 0.840699 0.540922 0.700850 0.318276 0.291510
0.983876 0.674257 0.028274 0.206967 0.388696 0.469594 0.306895 0.360233 0.562159 0.179802
0.565017 0.412383 0.199273 0.599540 0.972501 0.243942 0.244098 0.178192 0.544235 0.926034
0.975721 0.270718 0.376193 0.541646 0.308423 0.413342 0.225932 0.734915 0.320462 0.457343
0.976255 0.053063 0.555277 0.352774 0.340864 0.165772 0.676206 0.761619 0.701573 0.941789
0.268811 0.507999 0.168800 0.621760 0.754699 0.665384 0.723778 0.174637 0.925267 0.333386
0.270054 0.552501 0.666098 0.375376 0.878124 0.279570 0.070437 0.161130 0.237396 0.688860

0.425488 0.022422 0.351180 0.946392 0.291916 0.027634 0.372559 0.503038 0.293520 0.793670
0.921539 0.167011 0.578766 0.904352 0.736614 0.203904 0.803167 0.007770 0.360932 0.560782
0.851859 0.880971 0.711449 0.221499 0.969943 0.320115 0.920677 0.838396 0.686394 0.374423
0.694333 0.898905 0.631207 0.306225 0.433440 0.190178 0.821672 0.624401 0.334336 0.894075
0.507669 0.350046 0.902037 0.528601 0.198214 0.138232 0.906664 0.442309 0.505983 0.413452
0.189068 0.132040 0.431582 0.933114 0.311029 0.867680 0.556821 0.649995 0.157899 0.814596
0.186525 0.698946 0.326430 0.877752 0.243940 0.417340 0.619118 0.889725 0.264842 0.076700
0.466270 0.113487 0.301098 0.095509 0.642254 0.258877 0.168159 0.308776 0.187273 0.360967
0.459338 0.125741 0.865879 0.195706 0.421307 0.607473 0.095617 0.140606 0.293219 0.300505
0.898623 0.008428 0.145513 0.987361 0.316375 0.453516 0.261610 0.130780 0.442822 0.718116
