0.657128 0.250266 0.587611 0.376730 0.669686 0.982302 0.232125 0.225429 0.058709 0.367456
0.806913 0.505039 0.275850 0.790924 0.731620 0.715902 0.188067 0.324556 0.392622 0.789749
0.436511 0.804493 0.020327 0.160311 0.541835 0.380717 0.902930 0.951742 0.481512 0.025717
0.876887 0.597391 0.888053 0.243476 0.459323 0.032432 0.932239 0.539852 0.927125 0.256081
0.522489 0.240843 0.379333 0.659809 0.609618 0.388526 0.085301 0.025338 0.261773 0.207368
0.452216 0.403491 0.595202 0.057035 0.606297 0.444812 0.955486 0.973658 0.535638 0.737082
0.617113 0.550644 0.620981 0.279517 0.980481 0.120692 0.861436 0.603861 0.199447 0.118411
0.657072 0.783350 0.242830 0.617024 0.044980 0.537534 0.525241 0.536695 0.423720 0.192348
0.935569 0.724650 0.807650 0.841640 0.479967 0.322528 0.378624 0.134492 0.476526 0.079192
0.756562 0.981760 0.978578 0.168179 0.060165 0.711055 0.164683 0.979492 0.740178 0.105132

0.065398 0.176120 0.550641 0.089264 0.802354 0.330259 0.447418 0.503949 0.634190 0.862201
0.502044 0.805079 0.395461 0.636320 0.443725 0.857832 0.030281 0.485095 0.326459 0.870783
0.949491 0.439017 0.455680 0.377475 0.311711 0.115891 0.213322 0.423546 0.956762 0.038489
0.115249 0.477493 0.493366 0.663360 0.956041 0.185664 0.564347 0.640082 0.410128 0.192322
0.072892 0.009891 0.684520 0.624686 0.455137 0.680495 0.152631 0.311197 0.157283 0.124839
0.699201 0.323018 0.553461 0.429518 0.788385 0.675222 0.632181 0.532339 0.641089 0.338704
0.365857 0.664211 0.797023 0.865673 0.039404 0.385497 0.833465 0.402417 0.246869 0.243270
0.014730 0.849695 0.948255 0.472752 0.263114 0.662211 0.208964 0.385915 0.697335 0.180424
0.740014 0.550179 0.045480 0.072008 0.041125 0.726304 0.046423 0.555127 0.989315 0.900666
0.321627 0.050882 0.091824 0.004242 0.468424 0.291167 0.321985 0.118251 0.174730 0.025843
