0.575446 0.366723 0.965695 0.532077 0.881798 0.297037 0.909909 0.302705 0.884926 0.692909
0.338795 0.420501 0.359369 0.753890 0.436679 0.665830 0.697372 0.715042 0.343102 0.766050
0.683321 0.339224 0.623411 0.810471 0.213212 0.575907 0.548621 0.656682 0.747525 0.038770
0.875926 0.648696 0.661385 0.407364 0.323235 0.180262 0.905454 0.730974 0.068420 0.668052
0.809704 0.912918 0.746456 0.408892 0.330165 0.219235 0.852698 0.236753 0.570267 0.556426
0.066533 0.024267 0.059787 0.755217 0.487486 0.559633 0.597865 0.310541 0.810035 0.905509
0.957914 0.032637 0.048703 0.212877 0.316839 0.039532 0.532316 0.416990 0.850505 0.421748
0.473230 0.256455 0.988775 0.961920 0.597934 0.577140 0.609813 0.960382 0.513714 0.468937
0.074617 0.631312 0.592564 0.986258 0.807366 0.545400 0.234006 0.578593 0.712463 0.677477
0.354477 0.496225 0.767183 0.789302 0.717961 0.312307 0.112351 0.824517 0.633062 0.279431

0.396476 0.226348 0.825332 0.799025 0.417661 0.086582 0.131121 0.039061 0.471164 0.844872
0.152319 0.525672 0.507164 0.932966 0.174025 0.128665 0.873984 0.367484 0.776153 0.433453
0.385032 0.090185 0.298872 0.831889 0.410269 0.957124 0.222692 0.169100 0.642932 0.346846
0.926987 0.002111 0.960009 0.718086 0.484164 0.784283 0.897766 0.741430 0.579824 0.886834
0.684989 0.900188 0.024645 0.357983 0.242374 0.679311 0.010979 0.131853 0.269594 0.217314
0.506565 0.127522 0.430772 0.614182 0.325521 0.023052 0.794383 0.003330 0.678700 0.007795
0.102335 0.701070 0.736412 0.445079 0.474783 0.351218 0.438605 0.102923 0.752578 0.653969
0.388528 0.253302 0.781626 0.432812 0.409483 0.456735 0.053831 0.390851 0.997233 0.590624
0.876295 0.355994 0.382336 0.233732 0.643713 0.785343 0.523700 0.317360 0.685248 0.005102
0.099778 0.531543 0.736262 0.413512 0.350678 0.624358 0.924392 0.173225 0.485514 0.047786
