0.636922 0.588495 0.097862 0.477488 0.254826 0.320887 0.111245 0.201639 0.956451 0.144433
0.694086 0.837054 0.731480 0.777837 0.218734 0.384913 0.948565 0.753818 0.421079 0.958251
0.413963 0.089194 0.115968 0.478665 0.792321 0.748862 0.897795 0.583032 0.435623 0.065137
0.217191 0.177527 0.669802 0.485494 0.070817 0.617758 0.393999 0.337529 0.949026 0.399014
0.859315 0.701606 0.809227 0.418857 0.496129 0.193003 0.485302 0.469454 0.225217 0.624087
0.542747 0.847389 0.803492 0.252704 0.624398 0.564497 0.834702 0.108625 0.279530 0.542726
0.882305 0.798199 0.524616 0.072614 0.269127 0.684302 0.732536 0.050157 0.193995 0.925095
0.563394 0.783577 0.242575 0.110436 0.836047 0.066892 0.519495 0.936279 0.078727 0.413443
0.572507 0.631140 0.842571 0.027564 0.134094 0.523777 0.621226 0.711579 0.929175 0.392101
0.147222 0.295174 0.392723 0.636327 0.232252 0.010452 0.795748 0.971698 0.078409 0.294633

0.599023 0.074404 0.459305 0.047147 0.355866 0.918324 0.833538 0.335760 0.733595 0.372660
0.967693 0.349642 0.108469 0.034979 0.639010 0.048923 0.013029 0.477930 0.237875 0.712733
0.343048 0.193353 0.964140 0.198591 0.337768 0.394989 0.539619 0.001350 0.383565 0.206309
0.445387 0.621087 0.085763 0.038284 0.816916 0.430860 0.499491 0.289576 0.676522 0.073544
0.882015 0.338054 0.990345 0.265736 0.189598 0.774129 0.575794 0.889066 0.308092 0.856525
0.299551 0.451154 0.925967 0.423379 0.081700 0.158345 0.915414 0.375259 0.932733 0.613424
0.411299 0.944029 0.508750 0.720610 0.355947 0.953167 0.024360 0.395705 0.926747 0.196136
0.479195 0.192785 0.356684 0.143555 0.189180 0.372532 0.777170 0.235295 0.844402 0.900682
0.393368 0.588795 0.280986 0.477620 0.907634 0.239820 0.879580 0.813405 0.494476 0.158355
0.357339 0.748175 0.172623 0.826957 0.800196 0.612056 0.070739 0.092721 0.296134 0.263381
