0.139317 0.211976 0.783972 0.500257 0.890272 0.170372 0.549354 0.009784 0.900066 0.928462
0.585596 0.062156 0.132643 0.759003 0.647111 0.891291 0.352474 0.216523 0.399462 0.830479
0.602966 0.714377 0.817320 0.765535 0.225657 0.633203 0.912484 0.975487 0.508737 0.985776
0.788277 0.299457 0.457399 0.816605 0.992914 0.014243 0.086017 0.071432 0.930329 0.252756
0.449735 0.116925 0.780493 0.081497 0.365158 0.932157 0.896835 0.460574 0.365215 0.072297
0.833591 0.937708 0.970177 0.899886 0.404279 0.780208 0.661057 0.314884 0.635214 0.760830
0.660992 0.774759 0.076476 0.638238 0.178017 0.449555 0.213999 0.425852 0.052878 0.322249
0.182362 0.245704 0.724823 0.348871 0.797668 0.909485 0.584302 0.848869 0.182524 0.722030
0.634233 0.800657 0.692988 0.666478 0.008640 0.461202 0.556044 0.661416 0.547099 0.216227
0.925670 0.366307 0.153892 0.366021 0.308242 0.007386 0.003382 0.656592 0.519545 0.792318

0.621542 0.748996 0.774942 0.628339 0.852207 0.615047 0.310304 0.154565 0.256222 0.488572
0.961010 0.083771 0.916989 0.077675 0.272910 0.921009 0.439462 0.285251 0.109987 0.911819
0.974994 0.047399 0.345122 0.400055 0.892289 0.722459 0.567323 0.913048 0.956048 0.212639
0.895840 0.699916 0.917511 0.215810 0.030389 0.459308 0.353250 0.087218 0.988592 0.540601
0.172791 0.110605 0.396830 0.979273 0.438587 0.124739 0.697139 0.023362 0.583956 0.542691
0.557439 0.621602 0.181753 0.608931 0.837076 0.640482 0.222588 0.960174 0.789656 0.418956
0.607058 0.790886 0.403356 0.703454 0.388165 0.626017 0.732589 0.140784 0.693282 0.061161
0.405626 0.225707 0.632733 0.031026 0.697929 0.210669 0.911242 0.599263 0.863840 0.147133
0.030401 0.082583 0.233938 0.074110 0.778055 0.214167 0.455236 0.371649 0.843425 0.467985
0.866750 0.547418 0.253500 0.934851 0.718930 0.460586 0.501971 0.424168 0.551567 0.257096
