0.498677 0.108329 0.022131 0.526562 0.143030 0.167860 0.813454 0.404185 0.120680 0.125162
0.707513 0.877682 0.177401 0.004467 0.242730 0.448304 0.111742 0.319188 0.185045 0.042949
0.269374 0.316527 0.529797 0.132398 0.843024 0.771450 0.167382 0.250622 0.870686 0.740319
0.397341 0.392611 0.243342 0.089969 0.714941 0.279164 0.617853 0.593273 0.714696 0.021463
0.571839 0.860277 0.043820 0.369158 0.821879 0.870072 0.241049 0.621649 0.373522 0.001217
0.917490 0.260314 0.592249 0.258812 0.131494 0.317797 0.508460 0.821316 0.715324 0.053872
0.224986 0.521643 0.091340 0.376034 0.316896 0.523389 0.287384 0.179755 0.344121 0.629133
0.008451 0.032683 0.976673 0.509075 0.997587 0.065714 0.962388 0.598131 0.898781 0.291077
0.493083 0.488290 0.896629 0.323449 0.206612 0.917856 0.475709 0.886656 0.151211 0.170192
0.742285 0.371725 0.024080 0.664892 0.804795 0.353710 0.795005 0.755873 0.068132 0.952502

0.105813 0.105316 0.291836 0.760204 0.748635 0.434943 0.039488 0.312465 0.432220 0.528812
0.329373 0.236764 0.850729 0.488958 0.209203 0.897404 0.158763 0.122630 0.173050 0.488736
0.372302 0.185271 0.157899 0.835385 0.288278 0.596288 0.809283 0.634080 0.100102 0.016200
0.161703 0.408507 0.917866 0.842263 0.784734 0.276024 0.397337 0.131608 0.896667 0.798166
0.113757 0.349108 0.238297 0.611124 0.407917 0.925214 0.572775 0.368512 0.868712 0.360638
0.568983 0.192867 0.686469 0.232640 0.483876 0.260153 0.174979 0.170041 0.279742 0.920456
0.416980 0.830932 0.274219 0.191249 0.485605 0.555806 0.820736 0.124632 0.076966 0.554835
0.558607 0.946607 0.875124 0.601427 0.027927 0.338737 0.704437 0.432728 0.484128 0.864783
0.118520 0.627697 0.073288 0.024867 0.507416 0.596160 0.961814 0.886989 0.847135 0.995169
0.411754 0.343064 0.346159 0.824213 0.946287 0.349462 0.461367 0.681337 0.636972 0.716867
