0.947607 0.301121 0.325194 0.045589 0.883206 0.864588 0.479337 0.849801 0.971330 0.892545
0.980425 0.643613 0.694149 0.406152 0.210017 0.502868 0.411397 0.217656 0.019858 0.858871
0.893297 0.099714 0.210851 0.188366 0.793957 0.590589 0.132158 0.821141 0.975394 0.333892
0.611227 0.032792 0.228135 0.699749 0.312084 0.190712 0.802096 0.909766 0.367592 0.551172
0.763352 0.222460 0.164636 0.429506 0.595108 0.112546 0.749837 0.735580 0.010757 0.813340
0.151254 0.066594 0.946601 0.732722 0.424469 0.043953 0.508463 0.246803 0.529543 0.163839
0.255464 0.507600 0.729748 0.121918 0.008106 0.602980 0.012873 0.859682 0.328070 0.962770
0.746324 0.280278 0.681861 0.259834 0.006859 0.438623 0.876137 0.354299 0.554172 0.543634
0.290435 0.350295 0.934446 0.608738 0.095807 0.938940 0.140195 0.828704 0.786730 0.033979
0.703049 0.156286 0.689712 0.861708 0.060710 0.852460 0.141467 0.100199 0.209552 0.834630

0.924555 0.524106 0.378279 0.610247 0.091986 0.419471 0.449728 0.728374 0.448417 0.230728
0.399621 0.837201 0.437968 0.898665 0.812412 0.326744 0.619434 0.285665 0.081766 0.042126
0.449293 0.872127 0.406291 0.058002 0.516232 0.717379 0.379259 0.649668 0.408061 0.239851
0.196941 0.577247 0.040470 0.201964 0.144990 0.455503 0.384829 0.918353 0.285018 0.737895
0.106866 0.548974 0.363323 0.729290 0.383177 0.685351 0.676195 0.180734 0.750675 0.424264
0.000465 0.490064 0.784872 0.432568 0.402666 0.305767 0.127661 0.652758 0.825614 0.691295
0.796692 0.367047 0.595826 0.509224 0.737721 0.303723 0.353264 0.395189 0.900787 0.070156
0.864862 0.880609 0.296576 0.046821 0.280025 0.980194 0.856227 0.224914 0.602173 0.556387
0.631898 0.768217 0.579360 0.690443 0.934603 0.195015 0.363882 0.941820 0.061804 0.381520
0.727760 0.316951 0.686423 0.513546 0.422506 0.295551 0.385463 0.266474 0.373977 0.235641
