0.226068 0.213771 0.706994 0.657781 0.433448 0.401168 0.663894 0.155273 0.030743 0.737262
0.185202 0.853536 0.609360 0.844796 0.594996 0.019751 0.874288 0.717366 0.482093 0.273345
0.506630 0.756726 0.754348 0.085268 0.731602 0.996144 0.352310 0.221582 0.762388 0.439667
0.883079 0.683638 0.478201 0.116312 0.655629 0.959898 0.033615 0.839142 0.852672 0.385037
0.437019 0.531201 0.125971 0.617062 0.260605 0.122534 0.487303 0.730665 0.363512 0.260640
0.838136 0.060068 0.200155 0.563196 0.823722 0.260340 0.347550 0.616522 0.496469 0.494602
0.000537 0.009030 0.987256 0.771616 0.370601 0.884942 0.441332 0.831365 0.383918 0.425883
0.381082 0.725554 0.923886 0.789149 0.160384 0.160231 0.555091 0.433853 0.357204 0.721225
0.917194 0.293773 0.921083 0.705763 0.070549 0.981859 0.786957 0.958622 0.941270 0.521868
0.701993 0.326821 0.844488 0.751975 0.785194 0.096433 0.964256 0.378754 0.099300 0.222765

0.938822 0.877191 0.473749 0.861927 0.007372 0.856831 0.952695 0.731948 0.762741 0.497034
0.042155 0.299668 0.116260 0.416544 0.575802 0.453811 0.558357 0.246856 0.567609 0.642560
0.956094 0.662781 0.599786 0.921383 0.391311 0.527265 0.646131 0.861809 0.871745 0.060997
0.109129 0.681408 0.806495 0.544581 0.181212 0.515622 0.045544 0.094830 0.884018 0.661009
0.494030 0.792048 0.605502 0.256089 0.053694 0.628788 0.718775 0.127513 0.138290 0.527135
0.326146 0.347652 0.285574 0.122338 0.969844 0.195702 0.536309 0.775798 0.109892 0.198113
0.628161 0.388601 0.132080 0.326424 0.831503 0.500498 0.036938 0.630504 0.364914 0.525339
0.561657 0.562493 0.335785 0.642134 0.110764 0.909550 0.530974 0.042730 0.798939 0.609725
0.802367 0.146735 0.273483 0.984112 0.660154 0.272025 0.441413 0.387508 0.184868 0.578521
0.193172 0.153579 0.371445 0.965589 0.693154 0.976602 0.453411 0.191935 0.985006 0.998048
