0.019103 0.569062 0.125329 0.144577 0.142050 0.849289 0.391008 0.437932 0.115012 0.979007
0.205839 0.078481 0.096719 0.170060 0.570912 0.791041 0.018257 0.181536 0.037275 0.080471
0.716458 0.204460 0.678609 0.669921 0.216188 0.194935 0.588925 0.188136 0.673846 0.521366
0.265941 0.589217 0.893718 0.869712 0.603845 0.726116 0.291399 0.159295 0.509123 0.724207
0.367630 0.904965 0.562816 0.429769 0.038552 0.450050 0.839447 0.680369 0.715231 0.033964
0.166038 0.413270 0.673103 0.335052 0.960945 0.713016 0.875328 0.302962 0.690372 0.790395
0.870254 0.701997 0.340346 0.233953 0.968573 0.561705 0.487979 0.010403 0.471085 0.368900
0.001219 0.842522 0.195165 0.225594 0.106729 0.979963 0.090163 0.878701 0.029327 0.076146
0.469716 0.513148 0.108265 0.052813 0.900072 0.619164 0.565603 0.616433 0.622552 0.834746
0.405750 0.287350 0.578554 0.558556 0.287386 0.250545 0.133061 0.411571 0.495299 0.465045

0.702491 0.395793 0.591147 0.644533 0.222225 0.948460 0.736902 0.750029 0.911861 0.171763
0.580791 0.683382 0.040289 0.709556 0.856480 0.992946 0.990246 0.199350 0.345568 0.200253
0.742362 0.106433 0.396037 0.134376 0.055611 0.067604 0.354517 0.488249 0.583649 0.769413
0.994824 0.622878 0.208134 0.582358 0.136847 0.692149 0.672504 0.657192 0.106461 0.776265
0.386580 0.863804 0.802704 0.049361 0.478685 0.513333 0.990428 0.410795 0.489375 0.036524
0.487365 0.700665 0.437669 0.030721 0.789257 0.385357 0.912005 0.781904 0.980212 0.812841
0.190695 0.829247 0.624965 0.879340 0.776292 0.210442 0.516840 0.069500 0.209888 0.626345
0.716716 0.850259 0.755899 0.045575 0.687011 0.008346 0.711023 0.676084 0.813512 0.144832
0.915315 0.146430 0.676791 0.570528 0.792721 0.457986 0.111386 0.230193 0.226468 0.479294
0.962185 0.552215 0.027385 0.663499 0.593500 0.448950 0.005198 0.604789 0.182688 0.631656
