0.519431 0.153659 0.109205 0.930355 0.599862 0.720930 0.717972 0.111424 0.022943 0.090021
0.754673 0.560702 0.541101 0.963581 0.627815 0.846910 0.594913 0.345499 0.492430 0.949506
0.599067 0.536702 0.636184 0.202200 0.544240 0.117040 0.377675 0.661047 0.619459 0.707396
0.929249 0.275178 0.660388 0.160059 0.975390 0.774593 0.530438 0.482290 0.229578 0.479000
0.792808 0.033359 0.749883 0.266574 0.633116 0.478297 0.445162 0.086736 0.839312 0.278787
0.808258 0.185594 0.838068 0.644430 0.113600 0.557982 0.443494 0.619798 0.857151 0.029735
0.133940 0.731475 0.648209 0.991960 0.704690 0.977510 0.808646 0.184245 0.308947 0.156976
0.837683 0.535447 0.605483 0.008057 0.655120 0.818420 0.201309 0.229726 0.530033 0.485134
0.251405 0.578878 0.623529 0.501826 0.360222 0.131971 0.093834 0.108020 0.613361 0.013267
0.291166 0.522389 0.266387 0.330814 0.476696 0.761664 0.567525 0.362982 0.329385 0.448587

0.744923 0.322664 0.778432 0.733339 0.899107 0.075931 0.223177 0.881529 0.360189 0.875310
0.035325 0.210884 0.937026 0.757845 0.715834 0.765677 0.147939 0.314225 0.274125 0.165193
0.061413 0.485324 0.476135 0.707327 0.739165 0.578107 0.839520 0.701315 0.440214 0.223417
0.641019 0.054045 0.161352 0.800549 0.196680 0.457581 0.969407 0.151719 0.491020 0.668379
0.998102 0.892688 0.909922 0.219123 0.274441 0.245887 0.800689 0.278342 0.636624 0.466847
0.023299 0.935331 0.435679 0.298121 0.563641 0.243361 0.546576 0.138758 0.482601 0.608934
0.924840 0.429977 0.417961 0.852231 0.560641 0.642933 0.266145 0.302484 0.384611 0.381333
0.423779 0.640285 0.005622 0.468128 0.635091 0.995997 0.718937 0.154562 0.243894 0.177862
0.836366 0.078428 0.291892 0.141303 0.919036 0.486003 0.949300 0.001639 0.215693 0.765317
0.790429 0.755706 0.390821 0.271113 0.287595 0.497853 0.043621 0.264004 0.465575 0.561797
