0.190980 0.307619 0.118043 0.149001 0.446808 0.493600 0.618710 0.544456 0.111071 0.491131
0.191696 0.154321 0.482777 0.916333 0.729063 0.438123 0.181012 0.216966 0.339874 0.287910
0.389716 0.918106 0.325891 0.332857 0.225180 0.783806 0.000771 0.596670 0.467090 0.558017
0.543816 0.550956 0.773544 0.622543 0.108397 0.413908 0.213197 0.439616 0.460523 0.156543
0.067123 0.157360 0.272219 0.269168 0.912617 0.126709 0.627052 0.765753 0.116384 0.486669
0.507578 0.794635 0.333601 0.113869 0.872984 0.973452 0.630083 0.324665 0.744150 0.469074
0.000257 0.826067 0.478818 0.674991 0.033892 0.176516 0.936074 0.603143 0.744374 0.612723
0.466124 0.709692 0.809506 0.737776 0.633857 0.520548 0.872582 0.183401 0.951008 0.071478
0.897437 0.065003 0.797153 0.214047 0.380458 0.530825 0.462244 0.829732 0.241424 0.253497
0.562147 0.145311 0.625499 0.358624 0.607857 0.537949 0.261313 0.479170 0.342130 0.169570

0.468673 0.443897 0.542247 0.585970 0.566662 0.774174 0.000058 0.662017 0.412632 0.826677
0.009557 0.523475 0.884756 0.368234 0.014789 0.832193 0.025036 0.984440 0.280494 0.108303
0.472948 0.760701 0.686968 0.041138 0.207059 0.333528 0.385660 0.410217 0.154392 0.716303
0.443646 0.099008 0.725132 0.269513 0.472300 0.728900 0.985415 0.217793 0.056873 0.242452
0.664985 0.919918 0.578187 0.465927 0.231987 0.416590 0.422222 0.301645 0.323305 0.406819
0.694512 0.590732 0.375062 0.436626 0.855631 0.278755 0.463537 0.406804 0.604096 0.798640
0.850286 0.705249 0.608523 0.979776 0.297254 0.528879 0.680527 0.339877 0.639550 0.401240
0.544954 0.865833 0.017759 0.476960 0.987118 0.915448 0.704287 0.299442 0.006832 0.773973
0.005984 0.182382 0.119404 0.907328 0.181022 0.280857 0.121148 0.174630 0.952426 0.765641
0.758934 0.005729 0.253937 0.140121 0.667822 0.713412 0.117196 0.667145 0.261227 0.695180
