0.435886 0.877989 0.840458 0.380837 0.348889 0.682867 0.840245 0.012012 0.289335 0.802818
0.722998 0.027508 0.235632 0.390686 0.348268 0.825876 0.204916 0.812941 0.299850 0.223939
0.100106 0.686455 0.093744 0.872046 0.071354 0.759538 0.029225 0.782186 0.534545 0.033774
0.236768 0.684371 0.263434 0.769182 0.398473 0.407629 0.341716 0.664473 0.833037 0.798810
0.889997 0.989391 0.108390 0.147330 0.977216 0.728753 0.246671 0.514156 0.341889 0.666619
0.479417 0.128529 0.224658 0.529421 0.632552 0.552064 0.928999 0.917498 0.527774 0.014956
0.053287 0.056933 0.171416 0.798438 0.545493 0.452359 0.298207 0.962992 0.145244 0.544569
0.471046 0.430968 0.373912 0.520288 0.862396 0.760024 0.556691 0.922703 0.444927 0.871714
0.702956 0.812332 0.468354 0.795177 0.290413 0.768663 0.185113 0.711636 0.554059 0.451891
0.915900 0.307400 0.984293 0.652306 0.356650 0.852207 0.656631 0.743016 0.019513 0.043855

0.579947 0.946671 0.357542 0.415681 0.005504 0.634895 0.570586 0.388780 0.937690 0.797882
0.778349 0.215557 0.105762 0.657703 0.259926 0.076360 0.922199 0.312083 0.600122 0.878264
0.086630 0.105303 0.177359 0.057869 0.332698 0.933924 0.050783 0.403973 0.936612 0.241384
0.455771 0.936834 0.460376 0.606186 0.481363 0.662517 0.122593 0.977779 0.100026 0.889592
0.075623 0.230246 0.301281 0.436409 0.625776 0.748895 0.577647 0.156450 0.459495 0.212034
0.858175 0.662088 0.092977 0.275896 0.094765 0.375371 0.801299 0.894576 0.945158 0.766858
0.032615 0.993270 0.516049 0.730633 0.578993 0.859372 0.000449 0.056798 0.989971 0.101369
0.710347 0.422054 0.191221 0.110159 0.416671 0.096319 0.293979 0.190767 0.193841 0.166051
0.436949 0.396668 0.882535 0.308274 0.514512 0.631214 0.846256 0.040248 0.329958 0.564805
0.582697 0.598713 0.165639 0.533789 0.307003 0.327629 0.556815 0.678417 0.513711 0.027482
