0.845565 0.420484 0.194327 0.868608 0.076037 0.641488 0.318570 0.823117 0.260520 0.701152
0.416890 0.185261 0.130896 0.237800 0.096614 0.492922 0.272409 0.030895 0.370170 0.179638
0.432572 0.888574 0.643585 0.063891 0.143618 0.286515 0.845269 0.245623 0.584282 0.571522
0.912921 0.931164 0.787990 0.100999 0.844114 0.746395 0.393761 0.254121 0.421471 0.807217
0.292773 0.132676 0.154182 0.043597 0.653844 0.947263 0.376825 0.600565 0.337367 0.914522
0.360361 0.819588 0.556498 0.153639 0.332066 0.796743 0.849602 0.577246 0.183016 0.457208
0.832853 0.608086 0.608545 0.087311 0.728656 0.762675 0.039439 0.913966 0.123482 0.885899
0.931375 0.801245 0.491320 0.023498 0.388632 0.487604 0.143038 0.042646 0.257575 0.993700
0.697011 0.555780 0.880331 0.878717 0.374016 0.310835 0.870418 0.810588 0.200552 0.928082
0.276553 0.218734 0.936709 0.543911 0.267264 0.342582 0.917031 0.880515 0.408713 0.056792

0.461846 0.456136 0.445995 0.250014 0.397721 0.344134 0.191134 0.227980 0.916890 0.188918
0.368285 0.517953 0.089992 0.538134 0.769641 0.655599 0.450758 0.609045 0.912903 0.947267
0.392524 0.609577 0.431469 0.622725 0.301289 0.318797 0.776528 0.896156 0.177341 0.513024
0.667246 0.300580 0.148702 0.810076 0.398801 0.456938 0.366025 0.159306 0.755772 0.176778
0.370554 0.312061 0.805465 0.305959 0.513304 0.768116 0.384080 0.432951 0.105263 0.269077
0.284305 0.334856 0.473034 0.288370 0.542098 0.025859 0.745961 0.681409 0.141647 0.454865
0.162275 0.189639 0.250508 0.985088 0.022378 0.488466 0.214889 0.413007 0.612863 0.668559
0.288310 0.456031 0.099142 0.141914 0.134652 0.684806 0.062267 0.147850 0.311165 0.937422
0.542194 0.194471 0.326398 0.511742 0.572817 0.818492 0.690650 0.739811 0.524725 0.731762
0.981776 0.355754 0.814308 0.633622 0.029016 0.668510 0.954801 0.934016 0.928795 0.134957
