0.864353 0.486118 0.466280 0.144710 0.580862 0.159375 0.030405 0.160476 0.285616 0.567389
0.780659 0.475830 0.014428 0.298201 0.338682 0.817933 0.704316 0.807881 0.117320 0.577139
0.276699 0.245449 0.889149 0.809536 0.401743 0.467742 0.030486 0.411593 0.279321 0.416712
0.318582 0.127921 0.561683 0.409276 0.441398 0.816204 0.486996 0.487633 0.490059 0.498835
0.468968 0.961334 0.278939 0.654914 0.680837 0.952048 0.416087 0.741714 0.813298 0.127736
0.265937 0.873333 0.667045 0.432051 0.228687 0.336014 0.726853 0.761253 0.788938 0.583286
0.130167 0.408562 0.828595 0.364574 0.469093 0.531347 0.261029 0.421975 0.764179 0.853860
0.317253 0.088770 0.710893 0.239939 0.886136 0.454124 0.720367 0.411627 0.743982 0.929574
0.702107 0.832371 0.929382 0.368828 0.890544 0.045277 0.120280 0.671493 0.276105 0.255051
0.369412 0.853754 0.940307 0.046307 0.075187 0.348605 0.523028 0.996393 0.880497 0.882794

0.203132 0.638401 0.614087 0.942021 0.073653 0.320438 0.043625 0.602659 0.392232 0.909592
0.325478 0.894106 0.511699 0.283070 0.255409 0.048074 0.972729 0.558265 0.086740 0.413123
0.295760 0.497254 0.261929 0.553013 0.915108 0.156214 0.806120 0.981134 0.504989 0.291033
0.282674 0.223863 0.756173 0.608885 0.847325 0.264796 0.072870 0.083103 0.067771 0.594487
0.777722 0.365955 0.114796 0.755271 0.026837 0.503906 0.444477 0.309112 0.598373 0.982447
0.248859 0.543742 0.309413 0.869992 0.437853 0.679949 0.134981 0.273562 0.468840 0.140317
0.482498 0.666877 0.566902 0.079080 0.275268 0.715304 0.710016 0.660525 0.260622 0.069062
0.415949 0.001478 0.109260 0.160998 0.395507 0.907210 0.534134 0.581197 0.180591 0.494373
0.520945 0.773320 0.398579 0.184468 0.125108 0.597992 0.777606 0.614268 0.417786 0.472103
0.233926 0.050001 0.480343 0.073724 0.303682 0.428500 0.949253 0.319346 0.251419 0.928996
