0.195532 0.526962 0.823899 0.315180 0.672581 0.307560 0.061251 0.789351 0.463711 0.304017
0.127421 0.670748 0.498709 0.700611 0.152872 0.897365 0.287322 0.662823 0.920337 0.257260
0.153307 0.807824 0.527081 0.171540 0.649483 0.468409 0.679972 0.149351 0.804037 0.700799
0.325120 0.152859 0.861794 0.625221 0.583568 0.642323 0.676261 0.331613 0.986518 0.460075
0.475487 0.282580 0.396789 0.959036 0.151414 0.505142 0.316266 0.101386 0.486451 0.753690
0.120834 0.651064 0.485648 0.813832 0.335314 0.699510 0.689985 0.145367 0.390402 0.595203
0.418175 0.009834 0.840302 0.837285 0.591317 0.544173 0.138672 0.517599 0.283006 0.498423
0.387509 0.525005 0.680117 0.995483 0.042464 0.803589 0.632311 0.001532 0.563354 0.812733
0.048147 0.800086 0.651387 0.804714 0.846394 0.102710 0.764358 0.727901 0.177396 0.992397
0.014810 0.861987 0.661625 0.420183 0.360447 0.617971 0.625494 0.005089 0.950348 0.868958

0.764788 0.025238 0.212422 0.472298 0.585148 0.731831 0.462686 0.689063 0.229714 0.513868
0.298725 0.282602 0.408143 0.288168 0.202001 0.669866 0.196217 0.405244 0.526931 0.610927
0.213766 0.052859 0.455048 0.404497 0.437559 0.859159 0.363759 0.393984 0.375663 0.311350
0.179468 0.486231 0.222685 0.653643 0.288710 0.683888 0.982024 0.326016 0.878412 0.754955
0.870243 0.086670 0.740582 0.385867 0.901122 0.045924 0.480570 0.200403 0.451484 0.778665
0.447902 0.251611 0.059651 0.897754 0.605107 0.697885 0.467328 0.853557 0.246599 0.733753
0.485159 0.868310 0.056996 0.405231 0.202913 0.978590 0.665228 0.923705 0.178664 0.546386
0.745393 0.914411 0.402637 0.641550 0.479586 0.208116 0.729462 0.665165 0.086529 0.186093
0.905695 0.995021 0.743429 0.238458 0.413488 0.533039 0.889719 0.348968 0.149784 0.588091
0.786842 0.208880 0.893306 0.856194 0.220482 0.417646 0.326686 0.692160 0.341082 0.875544
