0.570555 0.768939 0.600252 0.189827 0.550593 0.929552 0.727107 0.487307 0.252943 0.570745
0.052924 0.381947 0.559696 0.904836 0.249684 0.642200 0.483791 0.408862 0.011187 0.133975
0.450080 0.369798 0.996866 0.613175 0.756012 0.733537 0.491796 0.084549 0.663909 0.026473
0.283253 0.503272 0.367863 0.312941 0.253145 0.548376 0.702773 0.324221 0.302429 0.637512
0.840530 0.749755 0.015105 0.288998 0.999068 0.681301 0.985351 0.524047 0.519868 0.217915
0.456948 0.486679 0.111826 0.998713 0.723990 0.089096 0.371453 0.329827 0.220839 0.297811
0.109378 0.600306 0.148476 0.847062 0.455140 0.821298 0.557552 0.331435 0.936903 0.348926
0.059561 0.149077 0.350702 0.347278 0.408867 0.234902 0.337374 0.907567 0.601117 0.810918
0.046421 0.914434 0.211781 0.416705 0.816516 0.066727 0.898721 0.707589 0.947002 0.672514
0.081351 0.977303 0.025941 0.274703 0.716253 0.866354 0.687662 0.910043 0.361312 0.706003

0.170681 0.782123 0.619715 0.288689 0.414942 0.292257 0.243242 0.033211 0.379908 0.989894
0.052678 0.274181 0.879161 0.261692 0.844669 0.328113 0.395397 0.024708 0.349543 0.310684
0.581523 0.895899 0.422742 0.230935 0.360618 0.714523 0.682250 0.877275 0.986166 0.083761
0.249097 0.210334 0.375002 0.624529 0.566195 0.137461 0.453853 0.615602 0.873566 0.539834
0.811853 0.796255 0.087131 0.258894 0.090815 0.251467 0.964197 0.293207 0.541490 0.596523
0.925124 0.801044 0.205035 0.743422 0.442699 0.961936 0.375845 0.803398 0.086879 0.261028
0.334126 0.830548 0.839102 0.729210 0.384659 0.628615 0.177482 0.509199 0.213793 0.145328
0.976776 0.638921 0.116507 0.766460 0.544115 0.304343 0.270608 0.743299 0.680543 0.511930
0.413486 0.933378 0.509905 0.468444 0.788217 0.473112 0.069558 0.967784 0.070527 0.791392
0.215773 0.339396 0.344839 0.681459 0.806484 0.365072 0.298044 0.291962 0.983950 0.633861
