0.198676 0.721406 0.291395 0.628866 0.956856 0.493999 0.123350 0.266286 0.164038 0.610544
0.380117 0.926577 0.603656 0.785446 0.093730 0.438955 0.469460 0.746183 0.479354 0.470840
0.793574 0.068443 0.665965 0.267840 0.471389 0.719402 0.087404 0.015506 0.352311 0.903483
0.851275 0.140389 0.818248 0.135050 0.472238 0.921656 0.999094 0.098418 0.891767 0.901611
0.885414 0.210315 0.421112 0.017857 0.815528 0.508911 0.898822 0.452560 0.214038 0.972877
0.743465 0.885823 0.048663 0.421330 0.765759 0.080798 0.681675 0.323679 0.541095 0.479239
0.984063 0.220367 0.288449 0.220133 0.070958 0.184823 0.532316 0.475519 0.073660 0.125338
0.383756 0.115057 0.537143 0.981252 0.528080 0.939330 0.170460 0.261118 0.123142 0.604144
0.084384 0.001145 0.459250 0.699661 0.167476 0.526678 0.592509 0.747015 0.914808 0.830217
0.378741 0.513687 0.600925 0.188461 0.884222 0.846642 0.728876 0.240683 0.974259 0.467551

0.774331 0.363201 0.930369 0.275425 0.424094 0.099218 0.328349 0.296942 0.587825 0.225373
0.063403 0.752094 0.536819 0.267556 0.527955 0.783145 0.473212 0.597231 0.316369 0.015954
0.890747 0.421281 0.709945 0.176210 0.715192 0.917549 0.226546 0.334638 0.385437 0.538676
0.031146 0.900525 0.937773 0.791092 0.827313 0.122182 0.536134 0.972862 0.459959 0.665780
0.037415 0.656452 0.843608 0.222651 0.429769 0.376627 0.391947 0.715744 0.319339 0.926561
0.779518 0.899045 0.376001 0.704724 0.558563 0.158181 0.422000 0.745844 0.315733 0.536732
0.732161 0.330297 0.084901 0.889100 0.942820 0.487299 0.883316 0.383388 0.581470 0.993386
0.438731 0.618757 0.972839 0.302402 0.736244 0.284363 0.610473 0.434573 0.816840 0.055513
0.086115 0.450557 0.012738 0.693564 0.103248 0.278892 0.314631 0.195070 0.809989 0.067496
0.215103 0.986799 0.975876 0.600098 0.729676 0.942591 0.419204 0.699531 0.192244 0.052117
