0.504185 0.430581 0.581771 0.061579 0.094376 0.014696 0.185930 0.344085 0.073389 0.586358
0.946548 0.338092 0.613976 0.556980 0.518786 0.011911 0.056372 0.184116 0.436127 0.958772
0.845010 0.944576 0.784791 0.379271 0.582288 0.255564 0.598773 0.011638 0.144943 0.733205
0.589580 0.576247 0.172375 0.035948 0.919055 0.260672 0.391365 0.147773 0.453876 0.526594
0.690724 0.366674 0.429044 0.679762 0.026811 0.998055 0.549798 0.286517 0.905556 0.105346
0.631630 0.704481 0.554139 0.543786 0.783600 0.105055 0.283513 0.702024 0.246094 0.700426
0.488974 0.757049 0.368545 0.529607 0.200777 0.027333 0.490882 0.021845 0.898139 0.170529
0.552074 0.289775 0.159836 0.665102 0.269437 0.986192 0.703820 0.720419 0.670101 0.682242
0.023362 0.858090 0.364404 0.438652 0.638461 0.357252 0.196414 0.417024 0.004549 0.473808
0.944948 0.069367 0.810986 0.823532 0.692165 0.650341 0.911475 0.593586 0.137830 0.887699

0.146804 0.928862 0.062976 0.659912 0.785754 0.280225 0.259438 0.788451 0.140024 0.483090
0.654322 0.764910 0.451533 0.271717 0.981449 0.377816 0.386041 0.567717 0.966485 0.284851
0.175844 0.250401 0.557116 0.896155 0.085266 0.503081 0.811512 0.641710 0.017875 0.401173
0.299894 0.441228 0.061418 0.529374 0.091362 0.097887 0.704800 0.091925 0.533351 0.299561
0.476082 0.325288 0.562325 0.781963 0.657651 0.405611 0.028703 0.382577 0.612587 0.321062
0.220487 0.044365 0.402865 0.153562 0.934031 0.158141 0.194815 0.022283 0.100350 0.899723
0.531209 0.421783 0.970935 0.014284 0.544172 0.202289 0.224084 0.761001 0.673619 0.245281
0.573143 0.136405 0.997777 0.534053 0.580879 0.334117 0.870635 0.509388 0.584848 0.769972
0.274278 0.524047 0.232274 0.706699 0.732190 0.928783 0.735257 0.874704 0.806997 0.558807
0.233259 0.710013 0.285092 0.763908 0.333535 0.909142 0.087086 0.821984 0.208225 0.045124
