0.946606 0.992115 0.333442 0.215911 0.679628 0.534321 0.931075 0.328307 0.778878 0.429492
0.674399 0.698138 0.015589 0.316919 0.132147 0.061746 0.373203 0.268513 0.417306 0.481295
0.865464 0.767433 0.527250 0.187904 0.466565 0.354903 0.916611 0.122537 0.115726 0.106074
0.984908 0.614871 0.340793 0.225078 0.350521 0.301481 0.554473 0.805701 0.548856 0.550994
0.647256 0.464367 0.558106 0.354639 0.024537 0.258351 0.953277 0.074193 0.749363 0.218160
0.201831 0.854188 0.589646 0.321859 0.564637 0.281079 0.566011 0.223251 0.173425 0.968646
0.744946 0.976738 0.055698 0.616375 0.006733 0.587627 0.385830 0.934684 0.226629 0.033084
0.922363 0.522477 0.662235 0.374119 0.390697 0.385311 0.833580 0.366779 0.618321 0.915476
0.962000 0.616863 0.597981 0.228398 0.357840 0.611783 0.943153 0.873912 0.082716 0.335028
0.683723 0.723441 0.587730 0.626152 0.388147 0.331145 0.061786 0.633279 0.484618 0.258094

0.521277 0.638347 0.508881 0.329297 0.490597 0.698570 0.349525 0.614922 0.024260 0.203090
0.929526 0.957155 0.908501 0.840998 0.528926 0.787048 0.719101 0.252746 0.493845 0.521572
0.077925 0.847092 0.441597 0.329876 0.894972 0.120730 0.258741 0.806346 0.061757 0.435294
0.165553 0.000759 0.462561 0.893697 0.526455 0.238962 0.722550 0.644314 0.927185 0.657582
0.468275 0.432483 0.290487 0.871090 0.246573 0.363689 0.081529 0.618792 0.001274 0.496061
0.278656 0.154531 0.729484 0.926899 0.916191 0.725762 0.660609 0.346493 0.719977 0.767950
0.822842 0.020496 0.068808 0.188793 0.024242 0.931553 0.694462 0.361521 0.284171 0.777807
0.605914 0.873054 0.936106 0.821785 0.998346 0.390436 0.763967 0.677519 0.759070 0.377527
0.268890 0.457972 0.974333 0.070795 0.988149 0.951439 0.962694 0.247854 0.913526 0.445511
0.248303 0.767295 0.567238 0.839364 0.328960 0.020112 0.010414 0.066975 0.945704 0.383763
