0.797699 0.115362 0.293896 0.376206 0.700913 0.890518 0.403297 0.963043 0.887134 0.331528
0.098044 0.641390 0.532206 0.043126 0.981635 0.950099 0.213141 0.057330 0.899115 0.950147
0.476500 0.449642 0.767932 0.549178 0.178340 0.579944 0.325847 0.578677 0.056421 0.619975
0.467646 0.547054 0.331885 0.173886 0.548231 0.651149 0.073712 0.488955 0.040518 0.657443
0.154087 0.893423 0.116136 0.780498 0.423382 0.319329 0.656913 0.788293 0.504163 0.854893
0.031801 0.922966 0.484043 0.524567 0.346293 0.931957 0.576804 0.461027 0.364352 0.975694
0.886394 0.081521 0.060264 0.040278 0.548130 0.590433 0.406621 0.743927 0.154985 0.370413
0.881851 0.026777 0.249318 0.387061 0.842136 0.860650 0.882683 0.609932 0.300581 0.869167
0.364269 0.181499 0.860816 0.031957 0.750064 0.484117 0.065987 0.493478 0.813769 0.542022
0.310777 0.621975 0.980468 0.926272 0.124830 0.675745 0.200538 0.550693 0.290683 0.164749

0.253155 0.883369 0.382767 0.603171 0.410950 0.267267 0.631906 0.578298 0.896339 0.792547
0.692522 0.202475 0.320584 0.004678 0.955416 0.544058 0.845267 0.971016 0.061569 0.457768
0.987956 0.553206 0.478423 0.307262 0.914867 0.660404 0.780921 0.219671 0.289215 0.561162
0.120871 0.938593 0.720684 0.616890 0.880295 0.413695 0.128974 0.926183 0.094395 0.004510
0.601354 0.204550 0.546333 0.469620 0.074995 0.241243 0.022746 0.750413 0.516516 0.540656
0.986690 0.507982 0.278759 0.618558 0.448104 0.698117 0.760493 0.480253 0.798859 0.515474
0.078287 0.203228 0.331559 0.709795 0.459405 0.426734 0.752431 0.849242 0.587730 0.335778
0.034455 0.864488 0.416228 0.877524 0.761866 0.902781 0.058793 0.105282 0.452614 0.615557
0.439035 0.073816 0.801862 0.350920 0.392538 0.523879 0.700417 0.029891 0.610472 0.752573
0.511087 0.181967 0.291134 0.417006 0.849378 0.057021 0.011083 0.457090 0.173909 0.429774
