0.820828 0.526549 0.747017 0.985332 0.026203 0.535808 0.235176 0.699345 0.971659 0.461583
0.247543 0.683709 0.032491 0.419403 0.210319 0.323320 0.000940 0.541062 0.012360 0.717558
0.646389 0.799471 0.440521 0.349630 0.943005 0.578029 0.887689 0.840361 0.366876 0.413195
0.539022 0.669037 0.948161 0.580396 0.698901 0.316431 0.830339 0.794449 0.198210 0.199130
0.267193 0.454117 0.184441 0.975381 0.629208 0.283165 0.546472 0.733678 0.700030 0.006417
0.367990 0.784064 0.736457 0.522298 0.889180 0.099981 0.300355 0.891803 0.133086 0.302503
0.461407 0.415212 0.135234 0.341278 0.118764 0.673763 0.350579 0.132230 0.642508 0.169850
0.823167 0.964766 0.914680 0.781094 0.902109 0.758239 0.248005 0.364446 0.666702 0.356385
0.662430 0.955490 0.411487 0.291182 0.263626 0.873293 0.392727 0.547442 0.719992 0.930490
0.347179 0.348771 0.685599 0.855020 0.961524 0.266556 0.238377 0.697579 0.581558 0.412918

0.669339 0.051974 0.300653 0.558600 0.384603 0.523486 0.708972 0.552341 0.087365 0.926376
0.998562 0.148073 0.014691 0.716815 0.192890 0.340050 0.078183 0.185150 0.264450 0.493184
0.813081 0.896186 0.117678 0.691768 0.650150 0.554331 0.436761 0.244316 0.789170 0.249970
0.086034 0.721696 0.958820 0.804294 0.014887 0.047642 0.169488 0.383734 0.121576 0.016435
0.956550 0.523915 0.120580 0.203860 0.148831 0.610759 0.615222 0.348590 0.649452 0.953440
0.370918 0.917324 0.794445 0.707643 0.902174 0.588880 0.260799 0.031021 0.938809 0.027471
0.785820 0.577418 0.347739 0.514188 0.738302 0.806939 0.699040 0.000820 0.188217 0.073156
0.718079 0.507602 0.275174 0.785389 0.758399 0.355553 0.263241 0.221148 0.076549 0.470011
0.943315 0.942991 0.289092 0.063482 0.767258 0.640754 0.017698 0.703505 0.328368 0.718837
0.101541 0.147432 0.478095 0.991841 0.533684 0.678765 0.104310 0.624772 0.402653 0.885811
