0.290887 0.774389 0.266063 0.380616 0.576993 0.563300 0.179928 0.098503 0.347491 0.492883
0.896193 0.624559 0.686710 0.939266 0.188380 0.375466 0.694956 0.224758 0.673306 0.423693
0.976230 0.185366 0.780789 0.722486 0.297145 0.167858 0.611956 0.133875 0.253319 0.514797
0.691160 0.656303 0.397997 0.636881 0.559795 0.224519 0.269825 0.411418 0.278084 0.093200
0.976812 0.524849 0.533573 0.630520 0.761616 0.157278 0.382147 0.441624 0.183789 0.701572
0.326881 0.086062 0.431044 0.088498 0.793714 0.084862 0.101109 0.240831 0.682069 0.379342
0.330124 0.891485 0.011988 0.826338 0.165996 0.610916 0.163954 0.173135 0.364055 0.297665
0.315948 0.365510 0.613020 0.855836 0.202304 0.049658 0.498114 0.097729 0.014331 0.795247
0.002791 0.138219 0.351683 0.895294 0.477773 0.852474 0.014855 0.769265 0.110908 0.488151
0.812252 0.389775 0.204017 0.853851 0.826697 0.807139 0.712095 0.144158 0.734876 0.037741

0.716295 0.008399 0.277948 0.100998 0.209841 0.578846 0.031039 0.724982 0.058249 0.292069
0.465673 0.746508 0.346537 0.645433 0.510987 0.216751 0.282781 0.884421 0.508088 0.688659
0.433498 0.045206 0.867126 0.756103 0.937162 0.063687 0.984097 0.509035 0.207168 0.407985
0.058321 0.245606 0.381048 0.289414 0.972085 0.617053 0.365066 0.396273 0.267984 0.112596
0.523281 0.629867 0.704633 0.425087 0.262277 0.927306 0.199380 0.327204 0.979476 0.916307
0.981464 0.206741 0.342599 0.823232 0.788596 0.739104 0.445605 0.139166 0.192592 0.214166
0.912696 0.376535 0.163948 0.296329 0.558339 0.296642 0.024514 0.324271 0.174968 0.018688
0.389519 0.512074 0.836208 0.628282 0.252906 0.617092 0.400535 0.700501 0.237094 0.084153
0.276234 0.796292 0.574910 0.728837 0.676562 0.567143 0.844081 0.165016 0.418798 0.679890
0.972969 0.693971 0.550926 0.530270 0.735282 0.992632 0.365767 0.723522 0.740437 0.382008
