0.392129 0.400407 0.172553 0.319205 0.002910 0.681264 0.218420 0.387770 0.428773 0.847973
0.589969 0.077073 0.362508 0.810607 0.557533 0.090891 0.915822 0.921815 0.703987 0.815740
0.496962 0.515468 0.841948 0.983972 0.769460 0.848887 0.514928 0.456130 0.836314 0.055995
0.533835 0.968110 0.369742 0.671692 0.043237 0.378637 0.548532 0.157007 0.785327 0.031219
0.032916 0.712735 0.617526 0.237183 0.870810 0.737912 0.663838 0.487700 0.974722 0.155244
0.282176 0.082471 0.610615 0.834554 0.256134 0.683444 0.695496 0.548310 0.482139 0.196270
0.764433 0.765341 0.741624 0.641098 0.614980 0.494677 0.219350 0.989884 0.798320 0.315326
0.563125 0.430897 0.224015 0.239767 0.337360 0.748860 0.621195 0.435819 0.581601 0.827384
0.370889 0.982391 0.380968 0.405240 0.491248 0.807874 0.690660 0.226353 0.187894 0.705497
0.141702 0.973864 0.835072 0.820247 0.891246 0.809654 0.598256 0.512968 0.147672 0.880914

0.731182 0.062714 0.421569 0.503243 0.855750 0.427363 0.731824 0.430298 0.465931 0.132929
0.204014 0.032043 0.309117 0.700924 0.566230 0.610316 0.380281 0.883744 0.187361 0.873454
0.921971 0.764858 0.637809 0.620139 0.364996 0.699934 0.541304 0.152580 0.757453 0.916019
0.996123 0.557260 0.521186 0.914970 0.098316 0.619931 0.781587 0.241329 0.034578 0.178861
0.801619 0.729839 0.363913 0.620422 0.062891 0.760803 0.284159 0.709301 0.791944 0.204838
0.235169 0.253815 0.621304 0.268618 0.262372 0.849704 0.638379 0.269636 0.531375 0.745467
0.055484 0.703494 0.009078 0.128270 0.859998 0.915396 0.464920 0.658736 0.305344 0.611851
0.006501 0.146816 0.148085 0.084100 0.886176 0.010799 0.860826 0.902935 0.385542 0.319572
0.892785 0.851855 0.452468 0.322728 0.276044 0.779343 0.745209 0.232896 0.337520 0.410494
0.437491 0.896407 0.311477 0.404381 0.381898 0.464876 0.231702 0.274683 0.321404 0.329109
